8.190758097878399202e-02
2.617927980962643508e-02
2.296659004586304106e-02
1.130549579226495030e-02
8.819278313728327878e-03
7.825076338578795462e-03
6.207354277321558943e-03
5.396131082048005734e-03
4.903365201971551270e-03
3.690293637180426349e-03
3.418814923586327263e-03
2.951433868418574732e-03
2.854410578426264718e-03
2.649828693693980636e-03
2.627120617733285247e-03
2.324973624610557430e-03
2.249613999080162484e-03
2.168499947789392923e-03
2.106965994119460069e-03
1.981744170685741709e-03
1.944662486259141239e-03
1.842174834879206158e-03
1.794542541925103849e-03
1.739398819616833677e-03
1.682480315165454801e-03
1.674226659052680715e-03
1.620668343383223570e-03
1.568725868846169687e-03
1.546487352254975224e-03
1.508933831420256923e-03
1.448747608056599875e-03
1.434204032668961407e-03
1.428920048066344931e-03
1.391152256906709548e-03
1.365155503894481103e-03
1.337041133641001878e-03
1.320353086503036743e-03
1.296476340834720655e-03
1.265798931738224822e-03
1.245316539440153789e-03
1.237630829422848959e-03
1.213083861481193890e-03
1.182117158874828114e-03
1.169815012512474394e-03
1.161294607892522559e-03
1.141649180506594703e-03
1.126848091634643839e-03
1.117395526070359777e-03
1.097117348495715676e-03
1.081168817083781467e-03
1.076823971189815390e-03
1.066333931951354451e-03
1.053211171783722741e-03
1.034574828371380081e-03
1.028981584713346744e-03
1.015871428897278808e-03
1.003380657785778868e-03
9.906015429291834071e-04
9.857206080602092142e-04
9.702470319387020451e-04
9.567162162002360243e-04
9.526529545733615576e-04
9.464950276109897719e-04
9.437436923444655380e-04
9.258355517278910908e-04
9.146562740615796563e-04
9.100785764217102052e-04
9.094466968738055754e-04
8.914748112302964354e-04
8.798838372697239622e-04
8.776505035159017174e-04
8.698043133622828001e-04
8.643166287988176578e-04
8.596203620556017123e-04
8.505101816897590091e-04
8.428711857799881012e-04
8.386635027633991806e-04
8.363588310873448220e-04
8.187096618261799439e-04
8.170383020782189584e-04
8.095796669981760330e-04
8.042463028577383427e-04
7.979466044985075723e-04
7.937407874077320345e-04
7.868866281582255094e-04
7.739174532386551000e-04
7.637940520691076374e-04
7.577824228278316971e-04
7.576392123911030244e-04
7.541957617780898661e-04
7.462080360847999109e-04
7.408495157658463942e-04
7.369396005188205831e-04
7.299199816114116095e-04
7.221191764981107391e-04
7.156016568961610100e-04
7.105913171431956030e-04
7.091791277946695891e-04
6.955866185189593480e-04
6.925023790507649560e-04
