1.103352378213091900e-01
7.883480529480342558e-02
5.208996127929108044e-02
2.808082796611107920e-02
2.389861795310760720e-02
2.025543549124775300e-02
1.752425255886032665e-02
1.553489176915442103e-02
1.294107448473994122e-02
1.056396076553305606e-02
9.762383521907979853e-03
8.603625346494168588e-03
7.994947438688540867e-03
7.534251252531275894e-03
6.327432006572856864e-03
6.240555121179348734e-03
5.894424361399778697e-03
5.583727608522847698e-03
5.396014880161341572e-03
5.198732273272078756e-03
5.085987386797649612e-03
4.750387502606517182e-03
4.607330048344434117e-03
4.450384676162445416e-03
4.394114144868519270e-03
4.197160646342869977e-03
3.997607108059213731e-03
3.892794567242530059e-03
3.782453201594478381e-03
3.602033828600535986e-03
3.507212733541144930e-03
3.426819979811494745e-03
3.333323170429660851e-03
3.318765352865974717e-03
3.205299799254123817e-03
3.154090235655790039e-03
3.070090347714177041e-03
3.007194189425538549e-03
2.966059286700696226e-03
2.944481085220924596e-03
2.893459678224558681e-03
2.843393297563424470e-03
2.778253887615769573e-03
2.762398853091983016e-03
2.711823016217368952e-03
2.666560529199363695e-03
2.665486694128502403e-03
2.596126462351444272e-03
2.575128692362731696e-03
2.546504295516602290e-03
2.533121682446113666e-03
2.449111016453368525e-03
2.440042984679066055e-03
2.400585261034875358e-03
2.381472209924425428e-03
2.356524253974946140e-03
2.351884563251062377e-03
2.319251316587252112e-03
2.308644116817822663e-03
2.276815468298382453e-03
2.250159721880391241e-03
2.227601906736183593e-03
2.198915596528461681e-03
2.187625996222266906e-03
2.145527078204362195e-03
2.132617913544396660e-03
2.115213387253798809e-03
2.107400557718008220e-03
2.077363368907351755e-03
2.054592917257863898e-03
2.050458244943259480e-03
2.043297422964050411e-03
2.023621356347275226e-03
2.003426767185719458e-03
1.996780154090633998e-03
1.981320190854448954e-03
1.942381710028720249e-03
1.938856242947660340e-03
1.929663413422855710e-03
1.918144447147839687e-03
1.906726226598510002e-03
1.872969753083417828e-03
1.861683407696637128e-03
1.850089555962974950e-03
1.834306025937118296e-03
1.825622781366647868e-03
1.819834390594528284e-03
1.805823562109375342e-03
1.797760720323792610e-03
1.789803739939024732e-03
1.777330526162557893e-03
1.754226894314739674e-03
1.748431871404032643e-03
1.736731071775446736e-03
1.732038754238069984e-03
1.718972946493194619e-03
1.716201405677598166e-03
1.700788785462307561e-03
1.694945963762174235e-03
1.670362912061107950e-03
