1.021095321943162465e-01
3.688241963250682431e-02
2.771299616834633703e-02
1.333411854173109298e-02
1.108573204307468710e-02
9.153202460058558129e-03
7.794044015708363402e-03
7.086341136421907098e-03
5.921265529313698983e-03
4.665400774601404822e-03
4.331862495457789071e-03
3.935320723270326407e-03
3.726333282213345650e-03
3.505821058101337654e-03
3.239165088845696438e-03
3.066240722675685811e-03
3.039220924470231733e-03
2.781663817044620086e-03
2.644593234341707701e-03
2.631495619952607667e-03
2.526775244547474052e-03
2.412878969683490433e-03
2.343339268581579558e-03
2.310808182853556648e-03
2.250307906597414764e-03
2.215724718096663375e-03
2.158454776675527466e-03
2.103081362101643943e-03
2.059115435002731569e-03
2.019659495519088039e-03
1.961709275760488945e-03
1.906041221809341105e-03
1.887770123543231621e-03
1.839908064934946868e-03
1.831878230815412898e-03
1.802963301546054711e-03
1.771745951125301265e-03
1.742358519066669695e-03
1.726672594115115237e-03
1.700786517088704892e-03
1.666143507511826539e-03
1.609751284172697720e-03
1.596770030232487264e-03
1.573399187856739344e-03
1.559079133194541007e-03
1.547244620973410199e-03
1.532816805929008855e-03
1.508544680469150545e-03
1.504877749825338923e-03
1.469246742623424567e-03
1.450604538219213424e-03
1.427329561437132646e-03
1.419986390762652522e-03
1.390608531368219165e-03
1.370186677489812965e-03
1.357356466017105865e-03
1.354037243075341315e-03
1.329537490896424198e-03
1.314637243107600901e-03
1.310489311522381860e-03
1.291917296275026279e-03
1.289808945634784813e-03
1.274804372499031661e-03
1.263367493910484609e-03
1.256138522002017092e-03
1.240136448628733744e-03
1.239227819642108822e-03
1.224704401845987545e-03
1.215615845526847724e-03
1.194871845256968495e-03
1.180629687485355199e-03
1.179485543817362534e-03
1.160216684049784419e-03
1.155186853767933624e-03
1.151556822703887848e-03
1.139676761845589059e-03
1.131766630116514067e-03
1.117115675103037397e-03
1.109825925679238821e-03
1.101857760953119667e-03
1.088005525263890287e-03
1.081104296596434094e-03
1.077312467743172294e-03
1.064602393676592190e-03
1.051427729082249612e-03
1.049116481749407187e-03
1.039806255047846231e-03
1.033958002878309105e-03
1.028589242949559234e-03
1.007473604973493659e-03
9.981093658663912817e-04
9.937310351022352224e-04
9.832535415588892179e-04
9.757278673668963150e-04
9.675046596551247933e-04
9.598805998428972279e-04
9.533070602415012664e-04
9.478853016575981881e-04
9.401102069699403957e-04
9.332799271911448999e-04
