1.029338479983006455e-01
2.520748976305367539e-02
2.327260350300633385e-02
1.155513256618134060e-02
1.080456870977576644e-02
9.147496773249228288e-03
6.117745251778615272e-03
5.687294895255420001e-03
4.858764642432904408e-03
4.482396100126412840e-03
3.075670662499154894e-03
2.772815237429776883e-03
2.504006727861394447e-03
2.445996635083173311e-03
2.270455399856855308e-03
2.163650824226941074e-03
1.999897436494373244e-03
1.890733114803838438e-03
1.772200361482988542e-03
1.745000329529510473e-03
1.683321682997397347e-03
1.556411603530088701e-03
1.453835517839586642e-03
1.389535097847924977e-03
1.358772025563873345e-03
1.316164911183977755e-03
1.288058880020071266e-03
1.237285383733383037e-03
1.211911665143579299e-03
1.194162909115665909e-03
1.155837850510705754e-03
1.130612440104458325e-03
1.107071889509801156e-03
1.089006299314296006e-03
1.058197079664616571e-03
1.033444436182075384e-03
1.018836304462004613e-03
1.001713853515268007e-03
9.939017288093908182e-04
9.823616022977424509e-04
9.736967053648061922e-04
9.523194543387674283e-04
9.275122959350731245e-04
9.163137158232460356e-04
8.980372344459563224e-04
8.859244881495426625e-04
8.686674329964843124e-04
8.627106344688423040e-04
8.614325569740198313e-04
8.471050697533732314e-04
8.290006877578053350e-04
8.266337604841692476e-04
8.123185029496807338e-04
8.075819119472221969e-04
8.040275783244225493e-04
7.966752112485534247e-04
7.914319992543247849e-04
7.754807637580699671e-04
7.699204121342728907e-04
7.623137877723922722e-04
7.587271424725974692e-04
7.515509508926728963e-04
7.407341127068585484e-04
7.387765237889408389e-04
7.267894824226877725e-04
7.265738703983434582e-04
7.176081485001017599e-04
6.998925762097419484e-04
6.957111304171583084e-04
6.936548205685816532e-04
6.843650850193985693e-04
6.814538352214900016e-04
6.793851112976462443e-04
6.710505793818727404e-04
6.640450901139549698e-04
6.628170800374053127e-04
6.567461053456349288e-04
6.465923548331196794e-04
6.444054314892723933e-04
6.397557720229290817e-04
6.378052233327322681e-04
6.290668487182256470e-04
6.225321388295165358e-04
6.207495247491112179e-04
6.171933788953202138e-04
6.129454315646764044e-04
6.057811370127739624e-04
6.030384100651454363e-04
6.011101123470102446e-04
5.949669022814782059e-04
5.903372170472674435e-04
5.870758564732743000e-04
5.813726508747064838e-04
5.769183305746079923e-04
5.728289712746327143e-04
5.688544699792101025e-04
5.667228858344878746e-04
5.637495053983317995e-04
5.602585460625518401e-04
5.595987221419789371e-04
