1.271746170997473668e-01
3.478478793581467332e-02
2.917702622171305937e-02
1.809896920499878825e-02
1.376444841497501473e-02
1.061101078286612841e-02
8.198014605215225153e-03
7.611760911105220316e-03
6.163911221635546070e-03
4.957343306265638190e-03
4.917402511829644177e-03
4.266690201866896529e-03
4.161269446518982805e-03
3.740782448473718453e-03
3.638457451398815785e-03
3.441629935807153425e-03
3.362195159354242156e-03
3.032768363103612638e-03
3.003382044727721713e-03
2.868854441651882275e-03
2.724281919160841028e-03
2.670679286009751928e-03
2.612594365870706328e-03
2.496150681929410007e-03
2.435399417551807784e-03
2.369154941597490568e-03
2.328865927023006811e-03
2.310340620700426957e-03
2.272369011015754926e-03
2.177288097406798652e-03
2.163227855413534049e-03
2.122274387093269713e-03
2.063480868022543081e-03
2.044416543173395873e-03
1.970413092669614022e-03
1.954582152661893391e-03
1.918103147067711086e-03
1.870840284825794593e-03
1.859146385860649961e-03
1.833412794365241747e-03
1.798702406155809402e-03
1.751005380162444416e-03
1.737434111811495549e-03
1.717584776722337571e-03
1.694645272389906686e-03
1.686648902447167135e-03
1.665426685730438594e-03
1.640200496557904465e-03
1.624077293743675030e-03
1.587404222198725940e-03
1.572161599680479190e-03
1.566295967881804318e-03
1.547733946641955283e-03
1.541204835517837437e-03
1.509197356992977379e-03
1.487037214391075720e-03
1.482236927655893998e-03
1.446000866911193025e-03
1.441108532263916074e-03
1.418906323405949967e-03
1.414452344769845339e-03
1.390779667074983766e-03
1.384117013380958697e-03
1.379545349202817737e-03
1.370809988774262080e-03
1.340353145610334628e-03
1.329208257285016985e-03
1.316381726172538916e-03
1.291905528584173270e-03
1.285321578656630284e-03
1.271971883996922533e-03
1.264349531636640208e-03
1.259799941134111647e-03
1.245991806654057248e-03
1.223490183980572134e-03
1.206577091736895768e-03
1.203664679010066612e-03
1.196042162799571592e-03
1.184335502799680265e-03
1.182869795051044552e-03
1.163764922035127793e-03
1.155345457304581469e-03
1.143333486270247442e-03
1.134091428152787578e-03
1.126496381548313828e-03
1.120760330105153224e-03
1.106617665155757357e-03
1.105433482795986850e-03
1.098670618927917973e-03
1.089293984538973210e-03
1.084627307150606498e-03
1.079697130483490671e-03
1.062205544291774939e-03
1.058490783456980753e-03
1.052226072731427724e-03
1.047409461395961815e-03
1.035409918039094553e-03
1.026544627982121927e-03
1.021350355400151228e-03
1.016134743720741810e-03
