1.140370470518821677e-01
2.869001398697145974e-02
2.468755108017493469e-02
1.483723660188400288e-02
1.143140383444016771e-02
9.402631342396357630e-03
7.108869437157026155e-03
6.278118485976046798e-03
5.404596570931469862e-03
4.224660659048103291e-03
4.076369395369775807e-03
3.478839909278955578e-03
3.263406066653637416e-03
2.978214126914654862e-03
2.936087861283077829e-03
2.765642478153031505e-03
2.688200359571290676e-03
2.489675821749038395e-03
2.436933804895280269e-03
2.408692866287148824e-03
2.203736195477913780e-03
2.137233922183415236e-03
2.129113845017842344e-03
2.105975687657311683e-03
1.994437628990503291e-03
1.961896390007360907e-03
1.880594713919624345e-03
1.851671340252531708e-03
1.830434513412985444e-03
1.774123882711485349e-03
1.745888132113228687e-03
1.704367338763274628e-03
1.683373664055916102e-03
1.646126486451189586e-03
1.620593403599703605e-03
1.611446215598525680e-03
1.607163359599025248e-03
1.553185678251005819e-03
1.521170196378777463e-03
1.484466006002850818e-03
1.474495470740577307e-03
1.448234455596892093e-03
1.431268489552026167e-03
1.417308595635402698e-03
1.393838539504783404e-03
1.375775999112340909e-03
1.355151826591911857e-03
1.337463256624568273e-03
1.330815816090416548e-03
1.324611608684146983e-03
1.308044541057466802e-03
1.286198610262139549e-03
1.278274446257222615e-03
1.260469238331134081e-03
1.249508517861861335e-03
1.235142258101845939e-03
1.227425280835164022e-03
1.213167004920798382e-03
1.207013940143762155e-03
1.184982796441679106e-03
1.177179999013169918e-03
1.159301020644619429e-03
1.153309673687835050e-03
1.149875246645751421e-03
1.129489172629916669e-03
1.114692634699191668e-03
1.102718558732543232e-03
1.096009216626112016e-03
1.089740345105497414e-03
1.078864492753306165e-03
1.057650302278962100e-03
1.047783932792172110e-03
1.044517883324343373e-03
1.035673840353029760e-03
1.030816703643060205e-03
1.024749046515948140e-03
1.000825457478753122e-03
9.962758931803263832e-04
9.926889212601554355e-04
9.864597700407569305e-04
9.812062417173582438e-04
9.783766556177328315e-04
9.640180829408340766e-04
9.587054868497015209e-04
9.532989346594969264e-04
9.454372415133554652e-04
9.409862919324195286e-04
9.380768047952490335e-04
9.200714219379629291e-04
9.184747331679890634e-04
9.104893496567570020e-04
9.050413708647601094e-04
9.004373802796415693e-04
8.921261328037022017e-04
8.904788556508764271e-04
8.814514546097213963e-04
8.761403333036218684e-04
8.640196059839068757e-04
8.590476447908026092e-04
8.521866329106494563e-04
