9.005512115946986973e-02
2.674430008823452248e-02
2.005064541169732095e-02
1.304086297546981632e-02
9.182639283363063301e-03
7.983871352735016566e-03
6.712725174452534999e-03
5.573851550646126245e-03
5.034898998534724848e-03
4.043424273109208315e-03
3.777115910606211688e-03
3.412306251679185238e-03
3.143624345410343367e-03
3.053376392059910585e-03
2.984840456128059257e-03
2.854833037610377683e-03
2.754588408004747264e-03
2.525195544192170970e-03
2.348465680885365118e-03
2.273966733079112266e-03
2.217731088837589324e-03
2.177481019816340183e-03
2.151557407784816887e-03
2.044021342540680315e-03
2.015813570109841694e-03
1.949338873113117291e-03
1.875544645002960803e-03
1.821847439639333972e-03
1.805046457767195498e-03
1.785688817030739841e-03
1.732427697854123155e-03
1.697532496436489433e-03
1.657403341288347844e-03
1.588150554183454964e-03
1.566359496768013468e-03
1.543945399911272626e-03
1.526281318952465126e-03
1.509388419995896747e-03
1.471983235923541179e-03
1.457005840638885908e-03
1.443037282468341564e-03
1.390867829304217587e-03
1.358579121320671341e-03
1.351084624251687460e-03
1.333409803906606241e-03
1.318168236238091793e-03
1.292920091967385667e-03
1.278346809015680268e-03
1.258524001028042683e-03
1.240594715066398483e-03
1.232776008331159428e-03
1.214487142324497445e-03
1.207274580699794824e-03
1.179336219800022597e-03
1.160540884620812636e-03
1.158403231904702813e-03
1.145223294283106465e-03
1.126676223599127127e-03
1.115201918844244524e-03
1.099078939807534390e-03
1.089709153418353662e-03
1.080275642344336474e-03
1.068060400902098427e-03
1.055670345356819837e-03
1.039024346143665534e-03
1.037902166724302602e-03
1.017297854011514190e-03
9.997953437095746278e-04
9.965932532070174640e-04
9.865092665750799326e-04
9.795353999334989892e-04
9.719645098661597836e-04
9.607396400788141208e-04
9.553679829757659317e-04
9.482237594309547452e-04
9.319707535827442303e-04
9.312066213684406027e-04
9.199861586533678113e-04
9.165682831370229253e-04
9.076795464445648305e-04
9.031487636710912011e-04
8.950725286746781572e-04
8.888121816654107965e-04
8.826601959868533289e-04
8.676376421286729210e-04
8.648944331900240571e-04
8.592940783044213538e-04
8.548184450336064567e-04
8.316507603507842551e-04
8.297739756295688992e-04
8.209626751845779027e-04
8.166847133583141809e-04
8.117097521917913602e-04
8.034106411710999988e-04
8.007992837501334577e-04
7.903731141169522464e-04
7.805769675478285881e-04
7.745543284482032031e-04
7.661924626719256864e-04
7.510082121252707483e-04
