1.415148206663348895e-01
5.106696654688728382e-02
3.927564831468887546e-02
2.322477008443761884e-02
1.821382831194741023e-02
1.426221672947698346e-02
1.230036724080676470e-02
9.972778442284894324e-03
8.510479798802924462e-03
6.729509922963162333e-03
6.662238764322911400e-03
5.648140203523274901e-03
5.497573280679101011e-03
5.170338193198376585e-03
4.691537310957444654e-03
4.509699673534006172e-03
4.170121197968064408e-03
4.076521826505090547e-03
4.050383738625140499e-03
3.808079765333669507e-03
3.629209228990277689e-03
3.405984235369281278e-03
3.326400652097745783e-03
3.220055665352944060e-03
3.176116108563429609e-03
3.063613592808005995e-03
3.001328024410446476e-03
2.929131869003722029e-03
2.822396364021344771e-03
2.757155466301114324e-03
2.692601123456141773e-03
2.644536041132568554e-03
2.536737023135977789e-03
2.489785663481643759e-03
2.448956564575477043e-03
2.409401624860150418e-03
2.378905548059922267e-03
2.334798523588892637e-03
2.288677757528131615e-03
2.270518857967237635e-03
2.209660840799620041e-03
2.178847655077910134e-03
2.153471723279344954e-03
2.095383291914778949e-03
2.084250504299606146e-03
2.063932148739049816e-03
2.023399953897227210e-03
2.020899987159014300e-03
2.011056651914814013e-03
1.978788314806573159e-03
1.954994844654478134e-03
1.924378596182311010e-03
1.905018305660205339e-03
1.887146924193452589e-03
1.875937975529833393e-03
1.846434454852486501e-03
1.832867577968613467e-03
1.806207664937925029e-03
1.799555600870393797e-03
1.793257902396346590e-03
1.738988767837811250e-03
1.706414754558329078e-03
1.696333300139186680e-03
1.677691753112127600e-03
1.661206711435393810e-03
1.647120479016318546e-03
1.634908446124651131e-03
1.615967188999828646e-03
1.607205099518778640e-03
1.590851732298363339e-03
1.574030879390391803e-03
1.552653035342071693e-03
1.547088160104587639e-03
1.538149865317445242e-03
1.528058771713723197e-03
1.516257289731212351e-03
1.491987306453502506e-03
1.485177846886865174e-03
1.476546299708587180e-03
1.463125022378947886e-03
1.449288409256210700e-03
1.444638993612745075e-03
1.429266814359517537e-03
1.423204731241250022e-03
1.415554733190126742e-03
1.396790817013201635e-03
1.391941005173718713e-03
1.385473796212169893e-03
1.372514418502836144e-03
1.355492562813567477e-03
1.347185201729368762e-03
1.334398099152367618e-03
1.333078960607864431e-03
1.317858278720580563e-03
1.309267473051576019e-03
1.300058927162553533e-03
1.289216803126532222e-03
1.284077940812644375e-03
1.279244229879206510e-03
1.273729958507596348e-03
