8.802108457355718729e-02
7.131417877698911778e-02
4.087145656685532008e-02
3.321705702288046957e-02
2.870748566149377082e-02
2.344448890385949016e-02
2.113144630597357798e-02
1.949236229242286289e-02
1.644394934667932698e-02
1.523274051272759631e-02
1.367610432274351737e-02
1.197995452552885060e-02
1.127588093099346489e-02
1.113166638848957744e-02
1.032163702506331410e-02
9.904322834173142145e-03
9.086366422666062106e-03
8.279976521191424743e-03
7.971442525977688945e-03
7.683322511461803707e-03
7.182641206944563941e-03
6.953818713558226894e-03
6.783832978659577045e-03
6.473684103897390206e-03
6.203044242353876123e-03
6.129814777578829373e-03
5.737345567790226759e-03
5.509652235151862691e-03
5.466160682442015514e-03
5.198235369410359775e-03
5.151679999953858585e-03
4.885836259435709199e-03
4.829229461355760873e-03
4.742424830627025786e-03
4.589317653270835740e-03
4.476044753134842888e-03
4.281887181101113118e-03
4.184408022532828605e-03
4.113444227090643987e-03
4.087665487529097696e-03
3.987496089908363836e-03
3.907732130932312434e-03
3.866937708759709755e-03
3.821634011810751564e-03
3.797434302104558523e-03
3.649278711054980244e-03
3.608445510884234278e-03
3.578063581533254961e-03
3.476778866858248624e-03
3.401993196611094016e-03
3.381291678526716828e-03
3.332915336306828836e-03
3.290866701163475735e-03
3.224315589503643983e-03
3.170181667949131116e-03
3.126817842154295569e-03
3.101754047642783351e-03
3.068236445213752810e-03
3.003290369181486636e-03
2.953921268213702093e-03
2.936086746748024171e-03
2.890171662790447498e-03
2.846487641885385098e-03
2.838749735821204968e-03
2.795831321618617946e-03
2.772608040762296940e-03
2.730167755895273815e-03
2.683102139026578153e-03
2.646708639516632579e-03
2.608811246990613234e-03
2.562361173837801338e-03
2.538191324220456443e-03
2.527130392815136149e-03
2.496471965688556137e-03
2.486783354951672444e-03
2.463590505205094216e-03
2.458823407530470045e-03
2.454792369344425181e-03
2.414672580802641744e-03
2.394904312483234817e-03
2.370589258703423904e-03
2.352238353146200635e-03
2.304610593845629260e-03
2.292633334017443996e-03
2.281284616143527001e-03
2.270285894244430166e-03
2.243147146762066498e-03
2.229946348852742278e-03
2.220300071507611602e-03
2.197093764367187389e-03
2.183993788805597622e-03
2.169358004589835159e-03
2.155137719016834465e-03
2.143963385535197982e-03
2.122936958837933711e-03
2.117091314706988966e-03
2.110860746978715421e-03
2.082459888841353430e-03
2.070187180320422031e-03
2.052798751443010456e-03
