9.043215654895214728e-02
3.212913662606248222e-02
2.489515554956574922e-02
1.244107660393575614e-02
9.733985072057875845e-03
8.370861645555919758e-03
6.887620160411290701e-03
6.556316510096360517e-03
5.431310932062672660e-03
4.286944371568685540e-03
4.051106226618651426e-03
3.576941862123562792e-03
3.426831621337553865e-03
3.207074589455506403e-03
3.086888122210008478e-03
2.806805774652953219e-03
2.740348465098088604e-03
2.583037138934717297e-03
2.430909615842152208e-03
2.412161620793533238e-03
2.384673472720737902e-03
2.280511504947360657e-03
2.226400392755276993e-03
2.183692919522646492e-03
2.103140204633409047e-03
2.067491871733068837e-03
1.997025749732790536e-03
1.926195565450527884e-03
1.883123959371205743e-03
1.841585573014007955e-03
1.810593573454879167e-03
1.805203568019177716e-03
1.750251363870801522e-03
1.725834732615459926e-03
1.689605883878181640e-03
1.650639587052001814e-03
1.638057657122459149e-03
1.602995754420461936e-03
1.590603222296241206e-03
1.561694477197268002e-03
1.517398558349302437e-03
1.514937235825758498e-03
1.494527014405987305e-03
1.485500187076666066e-03
1.473078137670202556e-03
1.443486387835832144e-03
1.397609190301342570e-03
1.382774572929841399e-03
1.380700846943609108e-03
1.349703682849235980e-03
1.327968329338811765e-03
1.318992113856234938e-03
1.295843667019373627e-03
1.288106217308989179e-03
1.262185412968734599e-03
1.255063389796655946e-03
1.233818354035133699e-03
1.226181455408831755e-03
1.217223562024334323e-03
1.204027392060342833e-03
1.193514411483900025e-03
1.176818339138087669e-03
1.165540436493190833e-03
1.155276252571656084e-03
1.151600677546419380e-03
1.133457236798226467e-03
1.121230353457980302e-03
1.114200931577638033e-03
1.103330296518296267e-03
1.095776317360166053e-03
1.085923602198104023e-03
1.081852608930515504e-03
1.071138943775259240e-03
1.061697623764159366e-03
1.056153439824628970e-03
1.045589026667080850e-03
1.037847010324572088e-03
1.033626913900265957e-03
1.017882506176168590e-03
1.007153694515051153e-03
9.931937133651209514e-04
9.806116144780597371e-04
9.785826242662254947e-04
9.699040154885095119e-04
9.625597306805742980e-04
9.527617919447362374e-04
9.514942128665734291e-04
9.378594950153264524e-04
9.348365213775783507e-04
9.194122129116702674e-04
9.146516513850467536e-04
9.093906659727596245e-04
8.987964741947855347e-04
8.908137281716810036e-04
8.853063462726517034e-04
8.768054694978839620e-04
8.681960263004831740e-04
8.576360058248916210e-04
8.527257525299937555e-04
8.461759528205337446e-04
