1.252636008467731821e-01
3.276319392491242044e-02
2.812022529030056700e-02
1.654201325355249969e-02
1.296833480581437853e-02
1.040335673418182373e-02
7.852609109421199510e-03
7.137416716199906398e-03
5.917813966717208954e-03
4.653554041995778233e-03
4.497713771259111669e-03
3.845134557239590894e-03
3.713759795432030209e-03
3.270817060214376536e-03
3.172935477995352492e-03
3.006991398823966998e-03
2.963624347808209956e-03
2.719316268873803264e-03
2.654503178258629977e-03
2.631473334699849925e-03
2.432946073110174665e-03
2.364255603039892763e-03
2.301110189280707735e-03
2.244740729759175674e-03
2.206680523022271252e-03
2.173318482292902268e-03
2.098327667958109054e-03
2.052558838072510595e-03
2.014110801161141714e-03
1.914751431320689361e-03
1.911634026132903513e-03
1.892038563972464399e-03
1.862475452304499131e-03
1.808746830467525225e-03
1.777691533874608230e-03
1.737903164154294602e-03
1.731954613165588141e-03
1.704487761817981718e-03
1.652316290864259138e-03
1.648487591856457853e-03
1.629253226088221923e-03
1.619751592168593678e-03
1.598254507307734357e-03
1.558327685909280304e-03
1.544628955590315791e-03
1.523311824119621570e-03
1.478079257919523177e-03
1.472088258717147618e-03
1.451099826916620429e-03
1.436521617800539307e-03
1.432729726353051481e-03
1.416342181436786290e-03
1.407996988152662027e-03
1.387606398645842244e-03
1.373848144917347433e-03
1.368564199768395901e-03
1.353818943075125927e-03
1.336202464106010877e-03
1.322598016511115524e-03
1.312520938192328910e-03
1.300907234520062676e-03
1.287794640718590688e-03
1.265322934419319846e-03
1.258416111196871854e-03
1.252831802541771577e-03
1.245637639678667634e-03
1.235382778116967707e-03
1.229387013213100507e-03
1.213544997873500404e-03
1.210070267967891522e-03
1.181808741034366585e-03
1.179838906634119453e-03
1.165799300967277274e-03
1.147141228182915447e-03
1.146189998075067404e-03
1.143743054258750938e-03
1.124197938994983071e-03
1.114617842501253696e-03
1.107614758992747812e-03
1.102898374400445702e-03
1.088280659650561451e-03
1.083384912536996874e-03
1.078641229993200458e-03
1.067709772159219830e-03
1.061374547288901175e-03
1.056896981248268497e-03
1.045700697644311129e-03
1.041696433725479952e-03
1.031770157304760793e-03
1.024733755623297767e-03
1.019024848728012451e-03
1.011470882097399888e-03
1.003724802615858216e-03
9.992324615188336381e-04
9.885616888322291008e-04
9.788154327088646831e-04
9.774702041059363938e-04
9.676016132520275093e-04
9.661564703342484604e-04
9.569658443889573519e-04
