9.143914731786582928e-02
2.726883109849602416e-02
2.082755535479701228e-02
1.359376605796594993e-02
9.619947616539862786e-03
8.079796692620506288e-03
6.617280727676506415e-03
5.729215164783446612e-03
5.145071366616064956e-03
4.117089087910667453e-03
3.853425063306801807e-03
3.448136089582996486e-03
3.244152160504379465e-03
3.073316623862701932e-03
3.016762351896412706e-03
2.935631979805057579e-03
2.700264157838716018e-03
2.641446457082741867e-03
2.397548777081708223e-03
2.281610410059795469e-03
2.255265592233911872e-03
2.218997654860679469e-03
2.156075955507130801e-03
2.062613234792921683e-03
2.043758555453457654e-03
1.950482806840693776e-03
1.899108447953902533e-03
1.848810075778513666e-03
1.825746683597032115e-03
1.817051857741154011e-03
1.785477395650989993e-03
1.741220990193338919e-03
1.682989976209890888e-03
1.623283668144842942e-03
1.608470975889304128e-03
1.581845541039827649e-03
1.569319781341703803e-03
1.545272415336703493e-03
1.521082718190692020e-03
1.487683363134468953e-03
1.452757866505175605e-03
1.422146757875493482e-03
1.395788478831601993e-03
1.379377258899967427e-03
1.365657675281116337e-03
1.344676608030503278e-03
1.322548378193540066e-03
1.315864343099697447e-03
1.301800991008530105e-03
1.286871775790518610e-03
1.265492735312030888e-03
1.247412545101494801e-03
1.234135749468792502e-03
1.225494587086694296e-03
1.212050709192748687e-03
1.194467413338268181e-03
1.182821105165032848e-03
1.160314102925022635e-03
1.148730178565781669e-03
1.133809171313147641e-03
1.119809543836143475e-03
1.107986127580300748e-03
1.106527175757724508e-03
1.087266142244314344e-03
1.082938617218720014e-03
1.060169724606246444e-03
1.048484100897116101e-03
1.033000038763781745e-03
1.025666607389560036e-03
1.015958136944453789e-03
1.008051209152777605e-03
1.002401307333992226e-03
9.859990870061297215e-04
9.854836224547673055e-04
9.680920808625439154e-04
9.592826537830002800e-04
9.554836547224725531e-04
9.486553296326069801e-04
9.446956054277827301e-04
9.401376194023194346e-04
9.246168518049194176e-04
9.162134104269145998e-04
9.096389101914076434e-04
9.025780706505304738e-04
8.944605467321994690e-04
8.846219077818285887e-04
8.798742140981803727e-04
8.747891407954380824e-04
8.667031716145227492e-04
8.579550189781736140e-04
8.527779184492712645e-04
8.480259367204167004e-04
8.445075588367953988e-04
8.317605146467395771e-04
8.253013083104356312e-04
8.168060379267694715e-04
8.111369301828183108e-04
8.007275870874931960e-04
7.965302709905824506e-04
7.911346134378909566e-04
