9.404254099812484058e-02
2.395318494442012086e-02
2.127301768980916635e-02
1.079966310267051026e-02
9.892739646809150730e-03
8.586814794578050830e-03
5.821116784439887490e-03
5.537835715258575958e-03
4.536652472741591925e-03
4.323680531487913460e-03
2.934745561675888414e-03
2.693415701556914777e-03
2.380805501371616260e-03
2.350314639874157615e-03
2.166396729702009874e-03
2.122496418734107909e-03
1.942159276870987451e-03
1.813013724730898595e-03
1.706747091584162558e-03
1.649674765807220217e-03
1.587722805486850358e-03
1.472378269619610373e-03
1.395787034986619183e-03
1.318296963269376208e-03
1.269361073847142911e-03
1.258248454997479586e-03
1.215155011496647699e-03
1.184884797794118075e-03
1.136848634139908318e-03
1.117486660453864125e-03
1.091008173216610191e-03
1.074259028047630559e-03
1.050932904375243178e-03
1.019383368740563265e-03
9.957662802828983785e-04
9.870473303122261500e-04
9.568399194168783701e-04
9.537949521145188412e-04
9.243830788847404037e-04
9.180676687996536288e-04
9.064966395133822619e-04
9.056811922428204898e-04
8.975745238973023262e-04
8.627959353973399569e-04
8.367477387257033199e-04
8.348679756513236079e-04
8.144876365445751030e-04
8.020641972879521530e-04
7.974893214943535669e-04
7.929100060122648737e-04
7.757540718168404788e-04
7.677665866231427700e-04
7.622195017263371951e-04
7.590423903474504633e-04
7.451057159662329444e-04
7.422276641998045658e-04
7.343016357723524366e-04
7.247387931837906199e-04
7.226507072699675559e-04
7.071485321034092940e-04
7.038006410360356452e-04
6.941670446442755639e-04
6.892131108417654970e-04
6.875382528276387240e-04
6.815725579833373498e-04
6.682259985426406562e-04
6.620251258736332446e-04
6.549452159786158358e-04
6.501983412433954635e-04
6.469458387713309354e-04
6.334064044390164431e-04
6.300363909070306459e-04
6.257360209796697164e-04
6.227369343233050665e-04
6.183691474054933170e-04
6.124305591167230429e-04
6.046114425952030160e-04
5.980529014406295654e-04
5.967698816000227254e-04
5.922979161063877821e-04
5.889726076919576253e-04
5.873145296161724456e-04
5.814678395667935906e-04
5.759928170436135354e-04
5.729390809368578672e-04
5.712717098681352338e-04
5.703234581767582193e-04
5.665508519661175291e-04
5.573554299814907805e-04
5.536047602194824925e-04
5.463817366921030171e-04
5.452651152733382564e-04
5.437970174965305352e-04
5.379606921669039584e-04
5.307159507809261750e-04
5.280870130773458477e-04
5.248356149963617507e-04
5.229346899649716220e-04
5.191449986301537511e-04
5.158270504717960741e-04
