7.522115114008492975e-02
6.811748852791608966e-02
3.871190158958053712e-02
2.847433051203440008e-02
2.528840727205859673e-02
2.187525947706644991e-02
1.971539506480276746e-02
1.765841543184418216e-02
1.515725528423475521e-02
1.384802308694113929e-02
1.289359461154209255e-02
1.158578267821691772e-02
9.889741802679614252e-03
9.199520085200590599e-03
8.790357666481101589e-03
8.375518235268896577e-03
8.243047065381788399e-03
7.697524289447180493e-03
7.035164003323432676e-03
6.719836212722259811e-03
6.387995179691124438e-03
6.079508189317774959e-03
5.540681274696595757e-03
5.521099702213452982e-03
5.286349771788468287e-03
4.905215872885375188e-03
4.866829385341892543e-03
4.649013158309357394e-03
4.529814388515503686e-03
4.317393771525738361e-03
4.038729577186326095e-03
3.973774834235090092e-03
3.886681182832270928e-03
3.826857445128515993e-03
3.759186327194700451e-03
3.629515785201114890e-03
3.536418073552271852e-03
3.431517807075058074e-03
3.345461781712877683e-03
3.304054416104318381e-03
3.233831116197260526e-03
3.187945183651579809e-03
3.138202237134644478e-03
3.023989714668258097e-03
3.002656553766126085e-03
2.935618404503533615e-03
2.889507753404370501e-03
2.766616649214482908e-03
2.746397080410488412e-03
2.659062371375114052e-03
2.629603143942274655e-03
2.568031827348463744e-03
2.562890763541478267e-03
2.506305571789308514e-03
2.479250951001068376e-03
2.447062057376130171e-03
2.412184874804135758e-03
2.395035012770161884e-03
2.366817634091258025e-03
2.304217454596147515e-03
2.280769391557250798e-03
2.228878023123831518e-03
2.210924440038209825e-03
2.189883876746539192e-03
2.156492976691465422e-03
2.130292864000295563e-03
2.121618830587701510e-03
2.111745560808047945e-03
2.093313410770604888e-03
2.055494870506784002e-03
2.023141506967924240e-03
2.011153806264185523e-03
1.988775282860278954e-03
1.968080423553896473e-03
1.954904339425252158e-03
1.930741145854892758e-03
1.927656341937636440e-03
1.906533532718841881e-03
1.883374667321257440e-03
1.859829122344264620e-03
1.836625080673071021e-03
1.825946406195724141e-03
1.787741513981390027e-03
1.772287416496593068e-03
1.763410993389098822e-03
1.737968761155932445e-03
1.725170069435423819e-03
1.722631361353234736e-03
1.711048739192450908e-03
1.697219125681583441e-03
1.673661746707465507e-03
1.670196539506963503e-03
1.662052334165556354e-03
1.624502993775934915e-03
1.619294547498940137e-03
1.609128949935201714e-03
1.605347560079058893e-03
1.582691371824486567e-03
1.572070077511082469e-03
1.564765243039243324e-03
