1.257557224363685666e-01
5.190719081896257026e-02
4.898870460042391295e-02
2.022817876765375944e-02
1.687984157213991490e-02
1.530207524225281161e-02
1.286586911436627366e-02
1.003660958767942438e-02
8.531313868675869522e-03
7.276746975672129629e-03
6.700378436873544175e-03
5.845407427464643056e-03
5.389629654334185740e-03
5.035518934817051137e-03
4.879068800702547094e-03
4.521591202571611547e-03
4.209428750581319621e-03
4.067097654729713574e-03
3.943235669315424061e-03
3.678400176077877611e-03
3.577655763702152630e-03
3.479225788627681240e-03
3.375684263038125459e-03
3.263576394595077770e-03
3.138326792054412819e-03
3.109966912475240798e-03
2.942683645846719178e-03
2.821405865201208774e-03
2.765910663173968762e-03
2.684773351797815812e-03
2.657391926581635470e-03
2.597563603817901277e-03
2.551626799371899817e-03
2.506950554324715447e-03
2.433024819064566382e-03
2.395906292667493703e-03
2.371292377601589858e-03
2.329430738770005629e-03
2.301646028255141356e-03
2.251858750511240206e-03
2.220521916631407536e-03
2.177152133317224788e-03
2.164246852498909451e-03
2.134622514422071429e-03
2.120871206653170138e-03
2.097235773284480964e-03
2.084223956852473188e-03
2.045286864449632862e-03
2.011331035111404118e-03
1.996281326628040077e-03
1.987742895703744923e-03
1.943913603393027188e-03
1.922349745988666519e-03
1.889708592422525025e-03
1.878916795251536938e-03
1.859114166705618312e-03
1.825037079781788871e-03
1.813937920957918708e-03
1.775038475474959585e-03
1.760036009762791466e-03
1.736343159466349848e-03
1.729169623831366791e-03
1.705163144888007399e-03
1.692513691965610769e-03
1.676295304390720267e-03
1.674691188967485393e-03
1.666441470100227902e-03
1.639916284038409489e-03
1.619903104887054782e-03
1.599478098555926105e-03
1.591987677159417301e-03
1.588051149565679766e-03
1.573282154599500585e-03
1.565307214965462471e-03
1.546283006862133550e-03
1.545980217859128925e-03
1.532415351869560911e-03
1.510811182677971416e-03
1.503470307237714894e-03
1.485125261162151050e-03
1.482135070122175087e-03
1.472581990936108060e-03
1.459435090871593699e-03
1.449484665310820991e-03
1.432022938790069363e-03
1.423948174328886797e-03
1.419643645503259732e-03
1.405900773464164536e-03
1.390596160454875968e-03
1.387192831086296336e-03
1.371981306317958610e-03
1.352747399133373768e-03
1.345957994045927876e-03
1.342164315240677603e-03
1.331276584130182102e-03
1.320605900768161318e-03
1.317705763499002047e-03
1.310144035437858226e-03
1.299662015378085997e-03
1.290678237694564516e-03
