9.299968262787762507e-02
2.499640922915298547e-02
1.930667602531416574e-02
1.238102488163172511e-02
9.464965478207729155e-03
8.087171849058672965e-03
6.373627785168134267e-03
5.356836138286647127e-03
4.754916574451466087e-03
3.793001623003454652e-03
3.497729887053680278e-03
3.012197633537328379e-03
2.812437246636756687e-03
2.784288557017173052e-03
2.630386423826714358e-03
2.520307601469666016e-03
2.405525416989468066e-03
2.155060814019469327e-03
2.052071718957887946e-03
1.996222873745638962e-03
1.958814178011137209e-03
1.891303878807157465e-03
1.801906687679351218e-03
1.790500359136090432e-03
1.712482176133521159e-03
1.639008501638643560e-03
1.604702017268440752e-03
1.576840734606350936e-03
1.537618679182364357e-03
1.535239500821559662e-03
1.471792879367603670e-03
1.430198082394135714e-03
1.399698245428141353e-03
1.379643477159576232e-03
1.350042605671701243e-03
1.342768787812010766e-03
1.339005240394324338e-03
1.307002721056286544e-03
1.289503480092259137e-03
1.269806406810958677e-03
1.228717161883792009e-03
1.195989004329037295e-03
1.171973781512139056e-03
1.158327130938025624e-03
1.149728485043679518e-03
1.124217011765516567e-03
1.120376873026229184e-03
1.102795466534225695e-03
1.094339262476261808e-03
1.060630143965403957e-03
1.056440019327972452e-03
1.037113840107108543e-03
1.027444254615584446e-03
1.017822088111279815e-03
1.003500313681830779e-03
9.889832674175220734e-04
9.832342964213639479e-04
9.731731353355626635e-04
9.576446179773209083e-04
9.471527013537026952e-04
9.375619376020401198e-04
9.285216426599670952e-04
9.169012872757978990e-04
9.138697507167840807e-04
8.980468037567172161e-04
8.928719270890046831e-04
8.783779315880246678e-04
8.754315672248828145e-04
8.559126515345154805e-04
8.531213400717645645e-04
8.501330950829339176e-04
8.437173452813498571e-04
8.319700751514070344e-04
8.298558964074424175e-04
8.240054151793193594e-04
8.175592951899955316e-04
8.118194852986523663e-04
7.998357878608762994e-04
7.975172070022899578e-04
7.931410944075366126e-04
7.836792464486938255e-04
7.717590400957935557e-04
7.704957540722446978e-04
7.622075763425140670e-04
7.554872173050735653e-04
7.509552193179872557e-04
7.423735270307019055e-04
7.375972358702110503e-04
7.341863003486916173e-04
7.240200581448645980e-04
7.168922211030861504e-04
7.116735603047425049e-04
7.076165183161653742e-04
7.027473555972243947e-04
6.910441627455923179e-04
6.882558773142170719e-04
6.855539245475994903e-04
6.778235928345118736e-04
6.641570805647115496e-04
6.619060763012323424e-04
