1.334281515166003407e-01
6.452293302156461574e-02
4.109276170569153841e-02
2.152770320551908312e-02
1.961597783200352829e-02
1.659417541097610999e-02
1.403772943307669309e-02
1.101565052916170760e-02
9.624419022211356395e-03
9.043063968984394949e-03
6.998621451167226851e-03
6.348603402072492026e-03
5.493058482463340428e-03
5.241929131135938252e-03
4.591887489882363199e-03
3.907876510902266905e-03
3.686620743097152215e-03
3.585840850939147999e-03
3.444141878125986378e-03
3.283617543833149046e-03
3.051227443781277023e-03
2.935675848825001176e-03
2.852812184582145284e-03
2.764369504668215231e-03
2.642523813090214869e-03
2.498169899621812979e-03
2.449710750997287703e-03
2.285020852470948018e-03
2.274963287179386680e-03
2.206223601800240061e-03
2.136428752872082063e-03
2.066247209448226346e-03
2.022949493761785813e-03
2.013643150073093999e-03
1.920132114910752964e-03
1.878175019135319571e-03
1.842255299120404768e-03
1.834428019197319659e-03
1.776281603124294645e-03
1.738880279829431268e-03
1.721644117578024396e-03
1.683064531023156394e-03
1.679056974849494482e-03
1.649146106582633116e-03
1.593585964262249702e-03
1.577625590139486791e-03
1.568195241389640790e-03
1.510288787799456568e-03
1.489280471086824008e-03
1.472982260280615921e-03
1.461959057993696305e-03
1.450618511746983204e-03
1.437163064341428651e-03
1.412025404114173460e-03
1.409259142559895041e-03
1.397311840453886863e-03
1.387051374726970196e-03
1.363122433043330393e-03
1.346412960488205853e-03
1.332251184849437197e-03
1.323326478475557238e-03
1.313411748014112895e-03
1.298266609624706362e-03
1.293844325904864451e-03
1.276889537647256595e-03
1.266398691566828719e-03
1.258411438390606664e-03
1.246547075602755586e-03
1.235666979339160179e-03
1.223103213617593357e-03
1.206701156771112062e-03
1.205416837152705400e-03
1.183219388151370097e-03
1.181068748682046875e-03
1.176221096304155703e-03
1.167561513349057393e-03
1.163767861829838194e-03
1.157798480568762983e-03
1.143900187678229940e-03
1.134986479922588587e-03
1.131732079859468958e-03
1.117999475545944149e-03
1.110547581771193209e-03
1.104768791609457785e-03
1.093209251629375690e-03
1.088770540521654751e-03
1.084800664051097010e-03
1.077841166115307446e-03
1.069630806081851241e-03
1.061936083466220350e-03
1.057553861856327763e-03
1.053737740572350525e-03
1.049403219845711699e-03
1.043171673524665366e-03
1.038381279262498872e-03
1.028892425829051058e-03
1.026237126925055258e-03
1.025170395172581451e-03
1.014037886682219369e-03
1.007871234033044490e-03
