8.092027645248760226e-02
2.829695280837908611e-02
2.274718324291106694e-02
1.135963129465040154e-02
8.731558742802179515e-03
7.847943195700889107e-03
6.241696266446032475e-03
5.913280496270908841e-03
5.218677199679299696e-03
4.039139206271265443e-03
3.803420161140848126e-03
3.373849809335178682e-03
3.232569810129343191e-03
2.990122257873850751e-03
2.903193078392565536e-03
2.633421300157659517e-03
2.568176192676605712e-03
2.446844637007524956e-03
2.396899122480560494e-03
2.225541550627962214e-03
2.216049412548111441e-03
2.160347040250749310e-03
2.071224350925375112e-03
2.053514701820735849e-03
2.010952504154225624e-03
1.918983874131240672e-03
1.866559109675136434e-03
1.816966075648622503e-03
1.750984162366077748e-03
1.728132949309095371e-03
1.674679322313364031e-03
1.643035408755198681e-03
1.635707619193078888e-03
1.585308788790583965e-03
1.567793504912461501e-03
1.538670477437172057e-03
1.495192669245009893e-03
1.471689095922570001e-03
1.455332192011165801e-03
1.439008760376210430e-03
1.412608297932959212e-03
1.402428020753914697e-03
1.368673809648010250e-03
1.345783739295100968e-03
1.331949969245966063e-03
1.316585781244225019e-03
1.282303669739087368e-03
1.270053488464472800e-03
1.251564772346678298e-03
1.236205758900612043e-03
1.222231457029627306e-03
1.205924919136120007e-03
1.189695395384684357e-03
1.177733418977483602e-03
1.167100541893145715e-03
1.165166659926935829e-03
1.138007212191349251e-03
1.130325812121073898e-03
1.115872235617943733e-03
1.105419767297104606e-03
1.098395670592876208e-03
1.080910621687841862e-03
1.068346293145693666e-03
1.062489618119297945e-03
1.048016580016952791e-03
1.041284764256703672e-03
1.023700003196380444e-03
1.009691348600537820e-03
1.006783243658123652e-03
9.993407779318170918e-04
9.934226996387125145e-04
9.789457272847295645e-04
9.721334017766857308e-04
9.574215830821463345e-04
9.545943138326637564e-04
9.473851892344185236e-04
9.401346486855006275e-04
9.292056481287377500e-04
9.252833512343297583e-04
9.168806454527270904e-04
9.076960213009484637e-04
8.952510120922497388e-04
8.916107012113291645e-04
8.850303717858226974e-04
8.775468971458363432e-04
8.631978300848326940e-04
8.580775913245143691e-04
8.533263331653108321e-04
8.513334228759854381e-04
8.418387920495100981e-04
8.263847892214338598e-04
8.232187573841059708e-04
8.151659764808484024e-04
8.087060567882294656e-04
8.041587269447212369e-04
8.015631347269190025e-04
7.911452720356131540e-04
7.827090739289796137e-04
7.771640142961013051e-04
7.660747527067510382e-04
