1.109130259741732127e-01
3.594428429919584167e-02
3.029769078588707282e-02
1.414196091552108112e-02
1.208364676385215858e-02
9.822703184109120647e-03
8.382486850761438485e-03
7.121963754196359263e-03
5.991409038389038967e-03
4.694890672135404799e-03
3.928890906507455025e-03
3.824004259631151419e-03
3.478511870795409841e-03
3.377331362065111309e-03
3.287207055021173704e-03
2.968155806990878300e-03
2.880098261265087462e-03
2.750456413309136997e-03
2.564787123737052952e-03
2.526691449049637064e-03
2.331416132374198626e-03
2.293623839071201684e-03
2.202071493513375021e-03
2.157487570091524368e-03
2.084395730256486529e-03
2.075447530845785527e-03
2.044844935446159424e-03
2.010014188410548519e-03
1.989178680745148052e-03
1.928620257764758353e-03
1.882428831407775534e-03
1.824014274455389942e-03
1.798781170795717144e-03
1.789048436543396164e-03
1.757275034802061389e-03
1.728836129214912079e-03
1.716924670649559639e-03
1.686654573400534190e-03
1.652725855013209176e-03
1.627917813764846733e-03
1.603494796375200824e-03
1.573862335001465461e-03
1.562581945388461261e-03
1.528680521978351961e-03
1.517892542792892733e-03
1.505236947283741539e-03
1.494589213185956895e-03
1.481790506566612415e-03
1.463400653069985360e-03
1.446388412157694316e-03
1.417229436492572006e-03
1.408987629071476550e-03
1.389457663662031339e-03
1.370212946366665147e-03
1.356181985641564383e-03
1.352648611004408225e-03
1.343345762004748492e-03
1.327956143883088748e-03
1.312330675875198480e-03
1.301589193194831792e-03
1.299894891207574541e-03
1.287996335311118517e-03
1.268444183538004104e-03
1.265914059666704448e-03
1.251818674661021305e-03
1.239219426321032033e-03
1.226838068969046897e-03
1.208741809119368233e-03
1.204184002826086224e-03
1.202280037680294881e-03
1.188935232873245115e-03
1.168598539829780346e-03
1.158209061779957990e-03
1.153499231896117864e-03
1.141572659778757005e-03
1.135124398404293439e-03
1.126658042322912102e-03
1.123753582225532231e-03
1.112162334183237162e-03
1.104948702663515175e-03
1.100180918889284622e-03
1.093162757169169764e-03
1.080773929018410528e-03
1.074550391460028093e-03
1.066636348581507555e-03
1.061620149436766228e-03
1.044781281570703870e-03
1.040189347587826317e-03
1.031505522626430032e-03
1.024551463482001540e-03
1.019268319366093941e-03
1.014388338032087096e-03
1.001982584980411987e-03
9.999928469799483112e-04
9.889652232409073835e-04
9.853039685463666798e-04
9.716055362946428688e-04
9.697702660117841133e-04
9.677130758859735400e-04
9.520490356296903382e-04
