1.190665890151318407e-01
4.021517972778762551e-02
3.762616928543147110e-02
1.626674077986092759e-02
1.397112269786892833e-02
1.152997906827286749e-02
9.918564253808695788e-03
8.130082996669325476e-03
6.742491935437617753e-03
5.494699403980708718e-03
4.763100765208813127e-03
4.340673598566181617e-03
3.941389122100138163e-03
3.762716246594222189e-03
3.655135108437216132e-03
3.321375085619182425e-03
3.210593174001824101e-03
3.107760257488241008e-03
2.934817038995383466e-03
2.841371060243227595e-03
2.716132231065636251e-03
2.665333540796384435e-03
2.551157632492074417e-03
2.421390156746691408e-03
2.387384047912466303e-03
2.306725113830942857e-03
2.278709221070587040e-03
2.236775573199757498e-03
2.190168380082512054e-03
2.151247655533208240e-03
2.092125713280615362e-03
2.059655633526899857e-03
2.024923558804898709e-03
1.975408353920979007e-03
1.961136176570539048e-03
1.945901965386473767e-03
1.899235193074921271e-03
1.871222212839311356e-03
1.854859134178802552e-03
1.844057206254721710e-03
1.797641029485641572e-03
1.778087220502337770e-03
1.752937056709818250e-03
1.713847641170495499e-03
1.706689279250415709e-03
1.691312406918991495e-03
1.684650658393647537e-03
1.639966224781206966e-03
1.617256702808596985e-03
1.608779882327833911e-03
1.596018513610106314e-03
1.582399554164209054e-03
1.556453016876819563e-03
1.547107125017104347e-03
1.539488651669217601e-03
1.529723996854300471e-03
1.504675984715442890e-03
1.478065295316622046e-03
1.467510819309076958e-03
1.457219821269090543e-03
1.449716899178177644e-03
1.442967452648752326e-03
1.419684631349298412e-03
1.413320754160018750e-03
1.401944436050514943e-03
1.393337612629152620e-03
1.373126687778439357e-03
1.371453055331309104e-03
1.363771545662572585e-03
1.350778130685644342e-03
1.340019201892247514e-03
1.334834247973420464e-03
1.326097885009448144e-03
1.317557624782333524e-03
1.307758175286268584e-03
1.294540268440937938e-03
1.280111816673916219e-03
1.273477292582908928e-03
1.264356599629681312e-03
1.249796212569754400e-03
1.246697315822063766e-03
1.241004752602561847e-03
1.227488231122246445e-03
1.215057919785726822e-03
1.207459396688278933e-03
1.200077298356939980e-03
1.191970898715109155e-03
1.189377516388405269e-03
1.178294262413455201e-03
1.170738400890585645e-03
1.157407201511948024e-03
1.142732713325203629e-03
1.141583039614972378e-03
1.130630235245493748e-03
1.130273002461418871e-03
1.115795382361242649e-03
1.109962116591161566e-03
1.097967806666388241e-03
1.093668747840333827e-03
1.083272731300648434e-03
