1.012164920572195398e-01
2.851596781418717572e-02
2.307857723705324798e-02
1.466568495876459377e-02
1.057940661988757483e-02
8.750305622514819096e-03
6.870538755590810225e-03
6.039423785430673118e-03
5.368652906247594128e-03
4.194905074491286044e-03
4.069540316614368367e-03
3.658435375859282312e-03
3.450319684733798176e-03
3.234680310894307454e-03
3.148412308752156826e-03
3.005470752878795001e-03
2.790583997223693071e-03
2.738285856004660842e-03
2.559543867569392690e-03
2.427954862057892915e-03
2.380402413400439961e-03
2.294503732732186378e-03
2.267873779054994238e-03
2.150406167980547980e-03
2.122946846281665526e-03
2.098612212442858577e-03
1.980698296926620364e-03
1.964467571772886105e-03
1.929850817611400773e-03
1.917465731542266358e-03
1.869756053579162570e-03
1.838423032126284542e-03
1.777845406182469072e-03
1.726028242165862777e-03
1.711965599992785244e-03
1.680851736654920357e-03
1.641243568924518736e-03
1.629676037279736414e-03
1.614391928836618906e-03
1.556322962386187409e-03
1.543790513187435435e-03
1.492433503439444253e-03
1.479604846545789446e-03
1.462851187099810943e-03
1.451167191150391040e-03
1.445853494545241763e-03
1.406120951851621463e-03
1.403669979857721838e-03
1.387901935492980368e-03
1.361725897732384569e-03
1.358792345032502511e-03
1.324553057083594594e-03
1.320996261489777376e-03
1.313531871861447998e-03
1.293695680832919210e-03
1.282731958222952870e-03
1.274404760987256097e-03
1.243938708180210208e-03
1.231472231736274433e-03
1.210805438547877177e-03
1.201850802509798598e-03
1.177080993792278558e-03
1.166588404451968531e-03
1.153070213238437504e-03
1.144294638833462602e-03
1.139035876061130371e-03
1.116469679417310965e-03
1.115086458262799394e-03
1.096970580129698900e-03
1.094055846240104711e-03
1.086908450047382535e-03
1.079319524353616758e-03
1.065155801720423043e-03
1.053687233839868242e-03
1.042724594095319028e-03
1.028769540703398629e-03
1.028046617565056510e-03
1.012299104281019942e-03
9.994973185873958464e-04
9.887744921019958610e-04
9.803327797156858887e-04
9.777488133833390528e-04
9.716971814570564024e-04
9.676572350446340605e-04
9.538592209449086798e-04
9.466814123170184166e-04
9.456019728716545626e-04
9.334179813685234165e-04
9.303107288661188832e-04
9.235971678222269950e-04
9.187995082419802770e-04
9.034263269541392520e-04
8.961996807116812255e-04
8.919655593664995059e-04
8.845255852099272219e-04
8.777512998116192896e-04
8.642823525793556479e-04
8.570912148608534308e-04
8.559515357764603928e-04
8.456118732398949095e-04
