1.049912461462974289e-01
7.841901944290503856e-02
5.227780208616920887e-02
2.957104003991257307e-02
2.601637793676590815e-02
2.157922431416025438e-02
1.968753393731234244e-02
1.661743863656675244e-02
1.416363746099653410e-02
1.201234897855082973e-02
1.140516811278230978e-02
9.511050711894519089e-03
9.001100667857080129e-03
8.892295022879781116e-03
7.316581528864568411e-03
7.087984028251619224e-03
6.712887323527671514e-03
6.557904800415296359e-03
6.361746301687228738e-03
6.100416126520884046e-03
5.791274771710777647e-03
5.551852300259902361e-03
5.189253574082095671e-03
5.039085526644873983e-03
4.889618571898676075e-03
4.729382360131075859e-03
4.616863161398376131e-03
4.462216405813046981e-03
4.295401728760127671e-03
4.122865855747833569e-03
3.991977162748456057e-03
3.930623104249523353e-03
3.762567441253453996e-03
3.646803881570497702e-03
3.594740651456348416e-03
3.508495217776237511e-03
3.439677877916116899e-03
3.382211646454730009e-03
3.298083761455461015e-03
3.235670710352479915e-03
3.205799943704436272e-03
3.121391186376869503e-03
3.096487223784849356e-03
3.033664359126927567e-03
2.986651471035353840e-03
2.960872422470900954e-03
2.943586394381718895e-03
2.837906377504437281e-03
2.782805560039897878e-03
2.749650825179390714e-03
2.699189408303221370e-03
2.670790411389577495e-03
2.655530282941605605e-03
2.602291629312173619e-03
2.579593703482211536e-03
2.564420972730441749e-03
2.493762381015393343e-03
2.482568640191672345e-03
2.432450136637431034e-03
2.386171698622872091e-03
2.348204991993189418e-03
2.342094772754578502e-03
2.312193755233545554e-03
2.278496433648424975e-03
2.248548091437492080e-03
2.226308321095426482e-03
2.181731813426473002e-03
2.158465774708477527e-03
2.144784734514331142e-03
2.134792611789178285e-03
2.110873549421881344e-03
2.091232120345040083e-03
2.062996762842495002e-03
2.043512898788448981e-03
2.030750445657221633e-03
2.010775678457544721e-03
2.007557621090352851e-03
1.956804771284084699e-03
1.954164818367630594e-03
1.937645649622188717e-03
1.932826505051105656e-03
1.912620293757276609e-03
1.898471633476436771e-03
1.883690162141943248e-03
1.872084795420828800e-03
1.851778607698259874e-03
1.846042260133402878e-03
1.826808845729004484e-03
1.819715942554121953e-03
1.797995016124155762e-03
1.773170214107470380e-03
1.764728088178818760e-03
1.746907554032208583e-03
1.740883638149137193e-03
1.732805738402635500e-03
1.708555991577887564e-03
1.696327733256964990e-03
1.690070535673959731e-03
1.669444383880627986e-03
1.656479606714124451e-03
