1.004057875890548568e-01
3.185765315336500786e-02
2.631946908765948889e-02
1.293659215485590784e-02
1.051367286018751492e-02
8.870426167631565578e-03
7.369168296628880906e-03
6.209880635756123181e-03
5.555110558478095623e-03
4.267749751782184617e-03
3.723003926997069720e-03
3.329180846061746430e-03
3.262876475708845203e-03
3.017800431739020139e-03
2.907097117273081850e-03
2.674599132802271510e-03
2.643451153883008553e-03
2.466474853724628501e-03
2.422973167713571904e-03
2.272255581399940279e-03
2.141766472451417640e-03
2.087966637476837504e-03
2.015842959869028773e-03
2.011179443389105904e-03
1.941114593529194620e-03
1.932236465489684495e-03
1.842859859481701165e-03
1.813112182896136140e-03
1.780470009361293567e-03
1.755609765619240955e-03
1.725975747667333462e-03
1.671016269848934208e-03
1.663042921753022209e-03
1.654540406557032965e-03
1.616563906873752857e-03
1.579518416415932359e-03
1.534566469947771031e-03
1.514195958949991977e-03
1.510042983773528637e-03
1.480702126472799003e-03
1.462281416830730259e-03
1.433353327867785496e-03
1.419376312387011412e-03
1.410154882014381938e-03
1.395239720913732081e-03
1.380025727871796041e-03
1.340112215490748149e-03
1.317194469872132569e-03
1.303442427747961326e-03
1.289516247734589669e-03
1.278930793659034714e-03
1.263121634035884204e-03
1.253562425806140730e-03
1.242194753271871812e-03
1.234508226116046940e-03
1.212217355057163383e-03
1.210609792441160728e-03
1.189892387091681528e-03
1.179685567248610475e-03
1.167976860377554181e-03
1.154423648685708138e-03
1.151801192854225902e-03
1.145826385355379297e-03
1.125592498842607541e-03
1.113355806952529004e-03
1.107961618559307696e-03
1.103586477758419782e-03
1.093030855149693722e-03
1.083469481501340851e-03
1.074414149701369671e-03
1.060862457567862812e-03
1.047192312817403666e-03
1.042742024768518547e-03
1.034184242128908344e-03
1.024504016294147972e-03
1.014961847092499432e-03
1.005422654911735476e-03
9.969966489711613086e-04
9.942364704817881985e-04
9.832036018822974590e-04
9.772884311665015755e-04
9.680290746886404969e-04
9.619679917857230879e-04
9.567184455461667575e-04
9.486064837486151173e-04
9.296436967352496436e-04
9.293961915563823863e-04
9.272521665910497032e-04
9.153604332081795520e-04
9.073311699766768755e-04
9.049207964113847869e-04
8.996374929563682229e-04
8.879671689966550261e-04
8.826077707567875916e-04
8.813774722487093503e-04
8.729772154940968918e-04
8.674848357371191211e-04
8.636599611794236160e-04
8.544861428137249344e-04
8.475687566801284271e-04
