1.204195009435753139e-01
4.558649816392133097e-02
4.017621551837863292e-02
1.700821472483060592e-02
1.430770238821693283e-02
1.255956573431833180e-02
1.089557087645126772e-02
8.993349779227968049e-03
7.328505461341301881e-03
6.273278418094272064e-03
5.432710188316145980e-03
4.837631902579563395e-03
4.608809468097664098e-03
4.384641333635194878e-03
4.214737205416605251e-03
3.917996778420558893e-03
3.542109158602360728e-03
3.514211590862185292e-03
3.303346929847100332e-03
3.137730061864745998e-03
3.101286492536249172e-03
3.016599275232168670e-03
2.947418849619724227e-03
2.780391942671294435e-03
2.754970302450822882e-03
2.655792630094488439e-03
2.605750470767785425e-03
2.490929376470442727e-03
2.455007985650061939e-03
2.391123323789399145e-03
2.342178824866466679e-03
2.311617295516607030e-03
2.270396960859467992e-03
2.225360706425868768e-03
2.177203503747188011e-03
2.131013578273005180e-03
2.123998744953659295e-03
2.092150930054858735e-03
2.034558064499606723e-03
2.019603213976321494e-03
1.962410162231991665e-03
1.946781723592247611e-03
1.918884919071742147e-03
1.905059457335375262e-03
1.866704909212249172e-03
1.845921482860457064e-03
1.835007774550234108e-03
1.796782661387493190e-03
1.786562042694114739e-03
1.767267960529636615e-03
1.735549827419801371e-03
1.718922651291854981e-03
1.712516238502050873e-03
1.680395819802842040e-03
1.678900366052287320e-03
1.660493202193651660e-03
1.629977888408107398e-03
1.618887919439974954e-03
1.601371727631577908e-03
1.580426881661816481e-03
1.577961732225273157e-03
1.550103841932080635e-03
1.547646668129811420e-03
1.519282390760887677e-03
1.511455142921949756e-03
1.499127703312093081e-03
1.492854948511358054e-03
1.481067699998046480e-03
1.464719782529337513e-03
1.452050180828618224e-03
1.437885136769851378e-03
1.424726280999989627e-03
1.414587393398563427e-03
1.402668965379134849e-03
1.399003626823524301e-03
1.382428199636907482e-03
1.359330318925157941e-03
1.350861054957473327e-03
1.342917422081203217e-03
1.326452011565308056e-03
1.315323361017539400e-03
1.313904917290135413e-03
1.302254316537814491e-03
1.293692574860706062e-03
1.290040823150177688e-03
1.282468645325403941e-03
1.267591621368517390e-03
1.261207507994813399e-03
1.247493912943833288e-03
1.240995808821721133e-03
1.238078200287302463e-03
1.226714994699991488e-03
1.218058333187940507e-03
1.209680243524193953e-03
1.205442732819675747e-03
1.197334140909114223e-03
1.189450054467214475e-03
1.182852637900193033e-03
1.169657850501059282e-03
1.164309352419003359e-03
