1.341610289958746760e-01
3.803265404478706202e-02
3.471740409654765214e-02
1.582450528241062179e-02
1.478563617630360150e-02
1.327421469253739147e-02
8.714773949788643878e-03
7.958977830030296990e-03
7.006907871216818025e-03
5.911343711921246240e-03
4.409445595907301486e-03
3.921134841294411470e-03
3.561115814076636077e-03
3.299619458201499909e-03
3.063330143791770984e-03
2.745812353827389082e-03
2.646801899095282008e-03
2.460130976852286603e-03
2.425002882912388052e-03
2.315852997221465748e-03
2.200150567645967233e-03
2.083523058322654751e-03
1.991009644091136944e-03
1.905672870574960827e-03
1.810697689008468987e-03
1.752100353627099750e-03
1.723234921712090469e-03
1.700303219812554457e-03
1.608919815510102044e-03
1.556914742505961834e-03
1.532630780701560143e-03
1.502175976687847260e-03
1.470819861210137655e-03
1.462357630530037754e-03
1.415600747441328163e-03
1.392689211579994750e-03
1.356843408146300549e-03
1.347539136788422631e-03
1.328304598938630883e-03
1.305810704252843239e-03
1.302001769160853395e-03
1.269468066059968852e-03
1.252715380862814108e-03
1.243497670843143063e-03
1.220941645454743816e-03
1.190290589156819999e-03
1.167614033068219799e-03
1.159236569271023020e-03
1.148314512794736467e-03
1.134912333520544155e-03
1.115306321073720932e-03
1.112161558913855267e-03
1.108587732434296010e-03
1.097039324194056106e-03
1.078835215974889225e-03
1.061793277656224730e-03
1.054771296616970489e-03
1.049789805333463302e-03
1.039832671415236642e-03
1.027195674918189756e-03
1.024682876823155165e-03
1.017589294274321007e-03
1.005024997333735324e-03
9.921124475317311467e-04
9.830080480747248155e-04
9.788673641955964420e-04
9.707324670772375392e-04
9.701968647082977962e-04
9.556211210719901383e-04
9.388595496225937524e-04
9.356085506740560416e-04
9.336586666914789036e-04
9.165527298890688377e-04
9.098013685032791190e-04
9.023619960383490917e-04
8.991712009225467624e-04
8.915996079225548248e-04
8.879162573161617465e-04
8.858795010763838426e-04
8.698227678947105133e-04
8.666757219731260507e-04
8.602432942164189248e-04
8.565907231369249706e-04
8.534133550342121221e-04
8.467246021363370812e-04
8.414309654449360180e-04
8.353669642737960492e-04
8.301890965826730145e-04
8.264952756265198791e-04
8.229158422798075502e-04
8.204064826785181178e-04
8.159490351868389606e-04
8.043112749864186634e-04
7.998577770085296300e-04
7.962437559645456006e-04
7.914829760232686444e-04
7.860849833980968317e-04
7.808236677711050556e-04
7.746661574560682840e-04
7.728067481321096617e-04
