1.143459676166035804e-01
7.825639293651973083e-02
4.324127846569247174e-02
2.582407360472111640e-02
2.314751738684845891e-02
1.897724997949815778e-02
1.754418583144628022e-02
1.439401691280656898e-02
1.278652300925323636e-02
1.148560380547977190e-02
9.469199801737710268e-03
7.872481767532812230e-03
7.380351145657504559e-03
6.647435691648045410e-03
6.367115331531337553e-03
5.497793209086499801e-03
5.211697604520055052e-03
5.016905014928927341e-03
4.697234078804568558e-03
4.167411062808430537e-03
4.027534878285862589e-03
3.972872294543489113e-03
3.827019827584533969e-03
3.695778579789769404e-03
3.624021221972996247e-03
3.374710396190428938e-03
3.245916678670968114e-03
3.134300839514981857e-03
2.985621373117387616e-03
2.909365091292601645e-03
2.791337285666016087e-03
2.621697351030083563e-03
2.530350340200340341e-03
2.504549466888709996e-03
2.400028079298716262e-03
2.372817911434633650e-03
2.351999304968494051e-03
2.313428527739559704e-03
2.289600906486535283e-03
2.197553200071281250e-03
2.182579067671764489e-03
2.143330618587115273e-03
2.066109115968221138e-03
2.036251346995727931e-03
1.971008903658281238e-03
1.965918540340292134e-03
1.938046415311614002e-03
1.916480422100767670e-03
1.871914975649390184e-03
1.846302512584161067e-03
1.831976521462777823e-03
1.827694067502277139e-03
1.787568551427160457e-03
1.780084021398946554e-03
1.732842562656785809e-03
1.697808036963732075e-03
1.691646733800676898e-03
1.665636088194250800e-03
1.648816181287545953e-03
1.620031871304068900e-03
1.605243293553629443e-03
1.599199101417022933e-03
1.582496309615577176e-03
1.578264960135537277e-03
1.550279033869659141e-03
1.533720878788104270e-03
1.506147796743825861e-03
1.488409470037393989e-03
1.484833902452316508e-03
1.473218617275415341e-03
1.463272627250925949e-03
1.456704706498253418e-03
1.443583325753596642e-03
1.426470511182858841e-03
1.416634122223586235e-03
1.416005864137447707e-03
1.403640091241555813e-03
1.386533896476508819e-03
1.374625417367888276e-03
1.365527892343002501e-03
1.345433278784303414e-03
1.335845533595551426e-03
1.326442314431155534e-03
1.313363608151122460e-03
1.304241296337951394e-03
1.300015565661213034e-03
1.291398121197600592e-03
1.276798255384421071e-03
1.273356606063738702e-03
1.272129337238077839e-03
1.260729068057626738e-03
1.249844005826170881e-03
1.244321628604530463e-03
1.240056398726807878e-03
1.231802143377151455e-03
1.230353798583223857e-03
1.217042060361725377e-03
1.211209146887756282e-03
1.205121206743086379e-03
1.195162714372430832e-03
