1.391985809738890412e-01
5.151335412936000613e-02
3.597763619954511688e-02
2.150775697449163609e-02
1.659853239884581666e-02
1.418557685937937157e-02
1.115669234732257452e-02
9.416807003503512713e-03
8.050748182333398312e-03
6.356969310375947674e-03
6.129792065171972212e-03
5.297122496168088848e-03
4.989812710494983747e-03
4.661052613681271328e-03
3.966773861787203925e-03
3.827591734814041625e-03
3.718994029877171256e-03
3.670182920471134341e-03
3.405837560559359014e-03
3.262316599383161941e-03
3.224268132634001190e-03
3.043187363217385571e-03
2.984322963058012434e-03
2.884940037946490034e-03
2.797190095292489357e-03
2.750607159524362001e-03
2.703422403834125892e-03
2.633680500216221097e-03
2.580753341196585175e-03
2.513334555633908989e-03
2.468477586828197318e-03
2.389215240531187071e-03
2.352708116191969904e-03
2.281557830744153186e-03
2.233591396022399384e-03
2.210452692222441597e-03
2.172517712766107965e-03
2.129205976457339364e-03
2.105179001746785867e-03
2.063290852538136183e-03
2.045641808218925332e-03
1.998210867597076910e-03
1.977957964142902907e-03
1.946138475317423693e-03
1.936925224442116516e-03
1.925020188027389174e-03
1.915333753143765418e-03
1.874500330876422696e-03
1.864759790043543078e-03
1.854360667654892736e-03
1.820327164127391638e-03
1.800309367071271753e-03
1.788877456167174262e-03
1.754407850112940041e-03
1.743063808106861583e-03
1.729568686428530457e-03
1.704779849065529923e-03
1.689542266821554258e-03
1.666438608899442056e-03
1.646272534152280189e-03
1.639704458742887718e-03
1.622105039417931363e-03
1.616134382905887960e-03
1.591707526663495732e-03
1.578952889754040197e-03
1.555788763943559676e-03
1.546169378869476606e-03
1.540280787626959087e-03
1.523852195415610362e-03
1.519015947463679206e-03
1.511493517473602201e-03
1.501073176306768351e-03
1.497124074401201196e-03
1.489546468232271327e-03
1.471975458442661587e-03
1.463624397569234219e-03
1.461825830172677710e-03
1.452860208661328496e-03
1.433230227869065811e-03
1.429166552395968104e-03
1.414181134144361232e-03
1.410642237179895011e-03
1.389966732771501538e-03
1.384784836910598997e-03
1.370434708776372681e-03
1.356938527888458231e-03
1.354060187181225844e-03
1.349996620664984694e-03
1.336073976492832679e-03
1.324193098619520521e-03
1.321530210309984068e-03
1.310517900954588470e-03
1.299437742480103082e-03
1.294639070088752283e-03
1.285779545595134308e-03
1.269979822196507782e-03
1.250962393677138408e-03
1.248461186063082881e-03
1.246430419989986126e-03
1.241757272132999529e-03
