1.151962853301437689e-01
2.781966279481352597e-02
2.597198712503793333e-02
1.269377784529189188e-02
1.183250967785137373e-02
1.020356789951050100e-02
6.704447751468687287e-03
6.118206576729540158e-03
5.314713363179680329e-03
4.731635141469056616e-03
3.386968606530447578e-03
2.928372936760217406e-03
2.723744173617170285e-03
2.613414174988718496e-03
2.417985931764232710e-03
2.369221803780695128e-03
2.166688455286697179e-03
2.014716503599565424e-03
1.917558232500290484e-03
1.875743822938622440e-03
1.788056949493427999e-03
1.706268684219059816e-03
1.559725129140930025e-03
1.504584068913619168e-03
1.476192588852005870e-03
1.414360634751600596e-03
1.392649596642281081e-03
1.337593399688879851e-03
1.308433896436466196e-03
1.287664063772680492e-03
1.249527510957321652e-03
1.239965263502977024e-03
1.202425050727768579e-03
1.181044891031477568e-03
1.143554861841215116e-03
1.117057735577812278e-03
1.107530573688913665e-03
1.092509596519828296e-03
1.083162126420987971e-03
1.065469683370342396e-03
1.058010479330620188e-03
1.022928881070024869e-03
1.017015446102065681e-03
1.001900692042204805e-03
9.896356262993717331e-04
9.674303058425258103e-04
9.561386840295073384e-04
9.444012292771596356e-04
9.426331559687372869e-04
9.279648580575541351e-04
9.149976650889669405e-04
9.107265810968633848e-04
8.992380776740104649e-04
8.950645556886204380e-04
8.838914782608865532e-04
8.719485259883309010e-04
8.669218979464348622e-04
8.511045725102626015e-04
8.434435424627038068e-04
8.378680561366254808e-04
8.232429579216065827e-04
8.185925802457299756e-04
8.124654115571854204e-04
8.071865578252336972e-04
8.030138507799901770e-04
7.948800408637256851e-04
7.824533643475346844e-04
7.751806399437246274e-04
7.660542168374380413e-04
7.618221019171471375e-04
7.570258302654501786e-04
7.550264873296888687e-04
7.403166630099887935e-04
7.376762659493256479e-04
7.305624944669922294e-04
7.293525137488322731e-04
7.232252356032213688e-04
7.112809629670145120e-04
7.072599843067806265e-04
7.030310263220688853e-04
7.016331376250693362e-04
6.947068493355588190e-04
6.884841021971182303e-04
6.834724056912882531e-04
6.785132789885662445e-04
6.753284154756681885e-04
6.736081756429547355e-04
6.698785487202172121e-04
6.622805472556109532e-04
6.618406097624244915e-04
6.569751672218622973e-04
6.507933888078835548e-04
6.454032939591117322e-04
6.429287992269805711e-04
6.352874565201430904e-04
6.342404742724882518e-04
6.269830807261456140e-04
6.224970373354444825e-04
6.204056024092442128e-04
6.188498226853250119e-04
