1.237311074957303386e-01
6.427063456884411774e-02
5.270995430077758670e-02
2.395716799820512069e-02
1.951605066726108673e-02
1.921615468953872044e-02
1.598218405552879334e-02
1.195257481903498793e-02
1.165248906467177339e-02
8.940207314067563985e-03
8.413968536989101590e-03
7.356736693243724583e-03
7.156443820281463593e-03
6.598907219569926687e-03
5.509591356182944565e-03
5.452039654898414682e-03
5.137697430607358028e-03
4.972201453430101503e-03
4.785073020226295396e-03
4.426614343736258797e-03
4.407876180544583432e-03
4.049285663752301076e-03
3.948800417221150563e-03
3.857440080384622310e-03
3.822979942477950071e-03
3.571902055902752542e-03
3.498537433360623776e-03
3.393427662914090450e-03
3.297128626981091475e-03
3.172065798751697550e-03
3.080078980992707622e-03
3.016129945214989817e-03
2.984213582072076185e-03
2.917886499398390440e-03
2.800084721675400422e-03
2.795429166675704805e-03
2.708566115341128500e-03
2.664732335278759134e-03
2.609687016030192656e-03
2.573192505167754170e-03
2.536870910229818699e-03
2.506925736632195471e-03
2.451050586024292651e-03
2.430602102980216391e-03
2.411033239146005008e-03
2.381738857359588270e-03
2.369589227147807144e-03
2.336472445948816531e-03
2.312210807562494613e-03
2.280271489305255982e-03
2.220269339998980768e-03
2.186518122693359521e-03
2.173717857880876070e-03
2.168331047084326793e-03
2.149022769306874279e-03
2.113721169702080342e-03
2.108120865325046212e-03
2.085176174962561583e-03
2.035555721279012301e-03
2.012404738789839390e-03
1.979951831128624017e-03
1.965742075036297411e-03
1.943161428110298621e-03
1.907470217237172781e-03
1.899308010016862065e-03
1.890257827902654857e-03
1.861905844122485306e-03
1.845510170010072068e-03
1.824354360765199001e-03
1.816258613457311273e-03
1.802876289045532866e-03
1.788801547123227169e-03
1.774495441518418679e-03
1.765585588177716672e-03
1.753525121736608560e-03
1.722016699406253223e-03
1.715782649714836300e-03
1.687269828994421642e-03
1.685551978461636560e-03
1.681194355553204938e-03
1.673797359276658859e-03
1.661089016577328411e-03
1.658421881758680595e-03
1.642677293887611235e-03
1.632338242112951320e-03
1.611761034839328003e-03
1.598252655023708543e-03
1.593768768201773642e-03
1.582409845811351846e-03
1.572598391326746102e-03
1.556276719427114553e-03
1.542581930377767783e-03
1.531260600649380710e-03
1.523517581071609072e-03
1.517986724585535484e-03
1.480535450259229478e-03
1.476118002441347042e-03
1.469811073897801411e-03
1.465910076209436721e-03
1.455067848870899997e-03
