7.599075671336129323e-02
7.112015380946305754e-02
4.786354114893757311e-02
3.172571156020141669e-02
2.972957878704106036e-02
2.383556457112496335e-02
2.043233051172910208e-02
1.987583302431753310e-02
1.588436404757302689e-02
1.483094366530511403e-02
1.392497031488261136e-02
1.258451407738571566e-02
1.128222765829670071e-02
1.015707953485149757e-02
9.686937077982949590e-03
9.258889767187588812e-03
8.778029314961464588e-03
8.555090439437147698e-03
7.997608426868930628e-03
7.897261303341398045e-03
7.376878762148682614e-03
7.006491501949576629e-03
6.747940387366571993e-03
6.341585306169164951e-03
6.294951099639060042e-03
6.096514994799734702e-03
5.873481512822344326e-03
5.698284606807875290e-03
5.339609636769582744e-03
5.311476140721858516e-03
5.119624417787132717e-03
5.103004938679011650e-03
4.927850788394283997e-03
4.826388934455309171e-03
4.688214556108847783e-03
4.639712365527002592e-03
4.525940158176790240e-03
4.446556652440391590e-03
4.331065387234355087e-03
4.281118816468424543e-03
4.074285292349098461e-03
4.026691564068028174e-03
3.887950600742980361e-03
3.812984859816858068e-03
3.741404596417502448e-03
3.687925571535295970e-03
3.675064561695493091e-03
3.534906198851181167e-03
3.496989207409683872e-03
3.441174673908534848e-03
3.408269558047174672e-03
3.371000461710363817e-03
3.301288601427438980e-03
3.259016815277631426e-03
3.227982246984436709e-03
3.160904418629477408e-03
3.146128244986976224e-03
3.099846699004576295e-03
3.070528644111229083e-03
3.040755394275714094e-03
2.985700596651803471e-03
2.943910265735385189e-03
2.922814951379872159e-03
2.865237973719872173e-03
2.840999862599418412e-03
2.822457011631552930e-03
2.767031260570027452e-03
2.732414065561609810e-03
2.713259594844897281e-03
2.691463647386936001e-03
2.662061099184973457e-03
2.626090870349293699e-03
2.605587355499819607e-03
2.583440822697593425e-03
2.560912670146525336e-03
2.513781987219218354e-03
2.488233027235807644e-03
2.462194410831451772e-03
2.432468941220952870e-03
2.420586050672574388e-03
2.394348429344267740e-03
2.390122009941148332e-03
2.356228927737763490e-03
2.345378094907727903e-03
2.322945231901139655e-03
2.301743975209694440e-03
2.282884635749175741e-03
2.274642102022716994e-03
2.255246803794356408e-03
2.234451757753048821e-03
2.222632355484940522e-03
2.211231519770992440e-03
2.183924446690741969e-03
2.175117736683533903e-03
2.146892049031900139e-03
2.114738323947546426e-03
2.106057191392419429e-03
2.084638973600986059e-03
2.066014425941748583e-03
2.058626234072968072e-03
