1.373732732207797180e-01
4.092767767247533495e-02
3.442588529172064399e-02
1.992317781077980812e-02
1.561625076497956573e-02
1.214773835518688332e-02
9.977651739462309669e-03
8.654596236385314612e-03
6.796763059262998959e-03
5.888771818023768624e-03
5.495488352827518699e-03
4.868045526230655937e-03
4.532915822211521298e-03
4.439905095235363065e-03
3.987636806353736518e-03
3.860996422070112153e-03
3.690891529462793884e-03
3.494712237944927295e-03
3.347215834014863420e-03
3.206689570141946655e-03
3.144949392788704955e-03
3.001450159093184931e-03
2.873258290379278410e-03
2.784190056641646423e-03
2.743192344839443658e-03
2.740342731630880657e-03
2.613334859378801771e-03
2.526305923534754704e-03
2.488466379977680772e-03
2.423843782547163532e-03
2.384519020462960628e-03
2.352273057961570216e-03
2.326663957294183242e-03
2.247451957988924002e-03
2.160441503737777977e-03
2.143383331028484579e-03
2.135278521376701363e-03
2.107922414579638335e-03
2.084384900315310474e-03
2.006623699257174646e-03
1.969305508242496019e-03
1.933023152422574205e-03
1.927695762822755369e-03
1.902119516648372814e-03
1.891149890624401657e-03
1.867607162606387851e-03
1.846689571921348054e-03
1.826278385034711986e-03
1.806276286971881910e-03
1.779122466649977292e-03
1.721326680923750780e-03
1.709938536219884073e-03
1.683892197381431713e-03
1.672628360352481150e-03
1.668552029092516169e-03
1.643238271418485117e-03
1.614352159806432081e-03
1.601821902652259813e-03
1.595653092232960030e-03
1.576899198116845291e-03
1.568726957765294912e-03
1.551947151629425731e-03
1.541829556971170126e-03
1.517419258844042223e-03
1.498000952134182894e-03
1.476502679786816227e-03
1.472549085363722247e-03
1.448556094314952698e-03
1.445262479732759920e-03
1.429890494126961854e-03
1.413775930563038229e-03
1.410257174857552096e-03
1.390420247823513731e-03
1.383715390399173047e-03
1.380266843351516228e-03
1.356347128432114704e-03
1.347606782597388260e-03
1.330372582383603820e-03
1.316345071872774023e-03
1.293067049132265271e-03
1.287090402853013817e-03
1.285283547897333100e-03
1.276191306579045441e-03
1.268122904275434263e-03
1.257225747500033712e-03
1.249808253562692149e-03
1.242595555491156313e-03
1.233332050157474056e-03
1.220937913891213637e-03
1.211366943622854079e-03
1.195030088716374662e-03
1.185412989322520228e-03
1.176421851765220399e-03
1.169304971697265536e-03
1.164664573776153476e-03
1.158690554794913549e-03
1.146462331629939223e-03
1.135125439050323507e-03
1.132145578971555360e-03
1.125629260290230728e-03
