1.373194866200844466e-01
5.001135508834594207e-02
3.784735396005423774e-02
1.829049249950731246e-02
1.695250746912257619e-02
1.492110622287671877e-02
1.087483397242050044e-02
9.167953710933495620e-03
7.921315483171433372e-03
7.068006664068256055e-03
5.341737316667780587e-03
4.925231549394279602e-03
4.278213779141159905e-03
4.143849196487548250e-03
3.619522539901292094e-03
3.141932436036010742e-03
3.069395711474903667e-03
2.907151534000951276e-03
2.816587783360206734e-03
2.747290093794708433e-03
2.492392260222907416e-03
2.401042313831650704e-03
2.369276820734454378e-03
2.310021957655503284e-03
2.085425432433941646e-03
2.067821021631199505e-03
2.013217297078085527e-03
1.945350814732121165e-03
1.884469971310804952e-03
1.816027204536666472e-03
1.751976811231673124e-03
1.736083084644020769e-03
1.659496064322736478e-03
1.648715479153356565e-03
1.629752598293599929e-03
1.597284790755345565e-03
1.573038895430901429e-03
1.546486762971106994e-03
1.508565132917775867e-03
1.494343870596024498e-03
1.471659407110920874e-03
1.458774476225514240e-03
1.425450537652525130e-03
1.396589606003582115e-03
1.357712200781141130e-03
1.345585655363098262e-03
1.323744222508464741e-03
1.302330176313557268e-03
1.292394783684588239e-03
1.281708906921247629e-03
1.279333836454639396e-03
1.265023617967126575e-03
1.247269697047099363e-03
1.231042237575876190e-03
1.222627730551368100e-03
1.207377781548321215e-03
1.191889394945542646e-03
1.187497122309070455e-03
1.184817628641663583e-03
1.176344009411264694e-03
1.158593299695325060e-03
1.152534982444828162e-03
1.138448743449980852e-03
1.122134905005744065e-03
1.106375826221558554e-03
1.096184808380790089e-03
1.085946692790477723e-03
1.082697709180789917e-03
1.077764771464929635e-03
1.067478072277354200e-03
1.065638566058069170e-03
1.047140553008046914e-03
1.039434802455574750e-03
1.030497290823843967e-03
1.023090959155645904e-03
1.007573115398275460e-03
1.002099655844929799e-03
9.957069118265518288e-04
9.889998894760877908e-04
9.833774999323844582e-04
9.810413324534809649e-04
9.723438364082726904e-04
9.696005300393816754e-04
9.626716290623405338e-04
9.563615480676928736e-04
9.500835695292302041e-04
9.412634272199007493e-04
9.372734347295921375e-04
9.317750707122496702e-04
9.238089032152068661e-04
9.178165819269063028e-04
9.153847480607364999e-04
9.105714513112136543e-04
9.093072806581885704e-04
8.952820749173007273e-04
8.912789595692904680e-04
8.896714116091814992e-04
8.868403663164410068e-04
8.828154398898622850e-04
8.779618814375778936e-04
