9.296835294494948387e-02
2.512315688459897806e-02
1.993038937489293241e-02
1.273884236458531528e-02
9.417381831655772736e-03
8.122225132693151883e-03
6.324931623516864658e-03
5.515131602193062282e-03
4.868451417986823307e-03
3.830070117605754651e-03
3.542976142073136873e-03
3.058638984038113823e-03
2.833977185028503046e-03
2.681769787896000259e-03
2.614309047735764550e-03
2.586633552201692866e-03
2.381326042291203107e-03
2.253711592158774094e-03
2.081351768450730513e-03
2.019171148661787901e-03
1.991301715737176133e-03
1.903004923496984203e-03
1.838029618821838528e-03
1.805446639823083885e-03
1.740167726661978349e-03
1.701239342310262390e-03
1.648224059706479344e-03
1.621086860043144656e-03
1.559274903634788774e-03
1.552986897683892404e-03
1.517441530691969768e-03
1.469505606087202635e-03
1.436047293598672258e-03
1.422319001508656061e-03
1.375730387334804126e-03
1.372100280031001438e-03
1.363678898764137228e-03
1.319245512449500075e-03
1.313023911068778114e-03
1.300526794300112211e-03
1.233862033048544219e-03
1.219632095423596116e-03
1.203593837995426720e-03
1.193304402925966746e-03
1.177745674711209870e-03
1.158539208037442838e-03
1.152882175706365945e-03
1.146597048048980227e-03
1.121018948371360277e-03
1.100621631906367921e-03
1.090624586647032709e-03
1.081916242530843323e-03
1.071618958594324237e-03
1.050146378516474089e-03
1.043719584152348915e-03
1.027136491186386811e-03
1.007705323128613075e-03
1.005058765310637425e-03
9.948698798036964813e-04
9.843783032303461602e-04
9.791864997385180906e-04
9.683360275363317015e-04
9.585565586214898339e-04
9.469402446549609600e-04
9.379335835104908549e-04
9.337403072749119641e-04
9.189052877029652098e-04
9.133772622435462618e-04
9.032125618913123665e-04
8.965340312546323919e-04
8.829281089658898600e-04
8.785060663185495370e-04
8.673469344894960522e-04
8.563423803093647918e-04
8.500642886814823492e-04
8.426959956441798082e-04
8.385860180686451016e-04
8.327196710433611712e-04
8.211678158113490649e-04
8.189703622362697619e-04
8.068150800831338154e-04
7.978131245392960577e-04
7.932052814156575473e-04
7.857969016467525498e-04
7.831716072055204970e-04
7.784646312798837063e-04
7.719667560741108863e-04
7.635005705474623211e-04
7.604922299646966815e-04
7.529952388358027073e-04
7.474712270820124682e-04
7.424666121815967591e-04
7.383268476009181413e-04
7.283266192426025680e-04
7.224780043714558106e-04
7.194356791408698833e-04
7.104289264304482340e-04
7.083325434136153150e-04
7.037033404966334602e-04
7.013360725311778903e-04
