1.020385649380351339e-01
2.626783068937143736e-02
2.201200413629497005e-02
1.359171624567567793e-02
1.020548219652279119e-02
8.643288452028023358e-03
6.609242707071214494e-03
5.792048335703217990e-03
5.076481456801337083e-03
3.939254268421372475e-03
3.747253340812522603e-03
3.213863782468497077e-03
3.002447938786389006e-03
2.769940799772099924e-03
2.745581462544782834e-03
2.623161523719874915e-03
2.480381764112908182e-03
2.379256556274795056e-03
2.231090924696833670e-03
2.156381404547687199e-03
2.091249341891137249e-03
1.977681048130054860e-03
1.964883432381342703e-03
1.916127134388887930e-03
1.851025569280638104e-03
1.818626566553570387e-03
1.735064881537852618e-03
1.720686269787851698e-03
1.672624001935217337e-03
1.621170301659426291e-03
1.599263774980200312e-03
1.561828298214023702e-03
1.550357648559814181e-03
1.517675356643055813e-03
1.478171792372497823e-03
1.463178248458659120e-03
1.454014257437460890e-03
1.410759270288135768e-03
1.395334559186081581e-03
1.364313281941345515e-03
1.337967275373421350e-03
1.326640445004040802e-03
1.290710867727603997e-03
1.285762767457060331e-03
1.265132613409395085e-03
1.247567108086504364e-03
1.231450570106225719e-03
1.223102332107593379e-03
1.213210765528641285e-03
1.188313153506180509e-03
1.179914214003995954e-03
1.161529096776166411e-03
1.158107958870414943e-03
1.145240558817252081e-03
1.130245183624586014e-03
1.124644943818017828e-03
1.110936359695736605e-03
1.100266882343494844e-03
1.073172558306834850e-03
1.071005869669327312e-03
1.057243563060889392e-03
1.043202781150822864e-03
1.036361110449766053e-03
1.023904059584576599e-03
1.016169171923199128e-03
1.007899768818382689e-03
9.961277155102620136e-04
9.926506955244863983e-04
9.842284707837231725e-04
9.756688768144290702e-04
9.656679409612338666e-04
9.488678394775131595e-04
9.437352219814087485e-04
9.336259770714554207e-04
9.209302908687461153e-04
9.136917101426507426e-04
9.084198813008434372e-04
9.034373780560854507e-04
8.987864183240465692e-04
8.841644047749556328e-04
8.763301669016430396e-04
8.728119055159108729e-04
8.692060474988687422e-04
8.613649826621322088e-04
8.536268576095081646e-04
8.500457164864764961e-04
8.416053010115003832e-04
8.393808491958203557e-04
8.326260463311293018e-04
8.302188937892245697e-04
8.248770796591321655e-04
8.197983623041856221e-04
8.133206799059436920e-04
8.062849200395293646e-04
7.998411711398844106e-04
7.938312825352782098e-04
7.859231434093422392e-04
7.783688004460666190e-04
7.755202808494159094e-04
7.644011714103508132e-04
