8.954913523313572099e-02
2.832446043162352434e-02
2.416549817425292859e-02
1.197492335915578514e-02
9.378579524203916121e-03
8.225987836814458581e-03
6.594752809020178706e-03
5.701938102163774981e-03
5.172322532968159220e-03
3.895500277078235447e-03
3.571739102400560244e-03
3.085161628407406299e-03
3.012090608419136940e-03
2.801954529059698124e-03
2.701320696542348215e-03
2.419591088433782448e-03
2.382855146860109706e-03
2.264151920019743386e-03
2.234654250582026463e-03
2.059814821727847314e-03
2.031490023816265311e-03
1.938512990359359933e-03
1.880081869834219219e-03
1.830490609939883044e-03
1.790953772579501752e-03
1.778556097709341416e-03
1.711582052271245396e-03
1.651637346525338008e-03
1.645279871320232470e-03
1.597172534131945923e-03
1.577678058230416692e-03
1.539243648982770120e-03
1.518292017482885444e-03
1.490835393857437366e-03
1.476859700454165878e-03
1.438220273771724945e-03
1.415542791171641541e-03
1.399353108307325880e-03
1.375265296695576608e-03
1.352376429400774455e-03
1.325036963437393371e-03
1.294523191965387494e-03
1.272433012400459897e-03
1.266342761400884344e-03
1.246188091233749792e-03
1.235545266008692506e-03
1.218400083063988322e-03
1.213014360355031511e-03
1.188394447741481863e-03
1.181011540949438278e-03
1.156089912595458739e-03
1.149816914546749648e-03
1.133902728291179968e-03
1.128865370528541173e-03
1.122958281407704286e-03
1.109653281386788377e-03
1.083981445468416632e-03
1.066547781871838262e-03
1.062856686291413716e-03
1.048865691464517759e-03
1.036134635704468203e-03
1.033948441398020810e-03
1.018293443938667053e-03
1.012797049307842274e-03
1.000771207436153666e-03
9.985706992640731340e-04
9.912016832886024961e-04
9.851413078363765400e-04
9.761282172294583146e-04
9.612543436000090501e-04
9.583577208356994660e-04
9.530298790001278785e-04
9.397482996046243285e-04
9.244089157670103358e-04
9.207360843909429254e-04
9.161437893929103189e-04
9.099427905615633258e-04
9.055873697318177684e-04
8.959662959557143560e-04
8.948769712300441584e-04
8.837643386218501686e-04
8.791634282310654882e-04
8.673649685839116691e-04
8.617757757248687344e-04
8.491732919037631470e-04
8.380448494775876930e-04
8.345273818712353178e-04
8.236956131321314855e-04
8.153115958460307056e-04
8.102001599378687909e-04
8.074597959076645990e-04
8.017317233806395401e-04
7.971821188607407065e-04
7.924654731006144665e-04
7.871057721311124859e-04
7.850051031229892838e-04
7.781949020445777694e-04
7.731940162752059522e-04
7.656290312484770972e-04
7.584790378701348167e-04
