1.341581610713984130e-01
4.004169907728730160e-02
3.230352070133818421e-02
1.876931920802096809e-02
1.463898171210233599e-02
1.200859245946926494e-02
9.176203474782495401e-03
8.175967816663085377e-03
6.787459986372926073e-03
5.366696664969538427e-03
5.088243202447072233e-03
4.451080723013862810e-03
4.095350107473762734e-03
3.842278190614677007e-03
3.471383948042301975e-03
3.396572991309653768e-03
3.264773570907737645e-03
3.087132986293166740e-03
3.056946756620714488e-03
2.878197922207814761e-03
2.820333068797088207e-03
2.702358597913850132e-03
2.654895229537873515e-03
2.514998011714203452e-03
2.443660785407853180e-03
2.389143461286540905e-03
2.344493844460783863e-03
2.278483623904643211e-03
2.240518794927241590e-03
2.189345533779256132e-03
2.147380123756299428e-03
2.126501128225063639e-03
2.079225291796599553e-03
2.023720984700031703e-03
1.977585360653724353e-03
1.956944573992576084e-03
1.924580406286108877e-03
1.883778385849612692e-03
1.874657671914808357e-03
1.822725379783428096e-03
1.820057833836493267e-03
1.764273950721117080e-03
1.762368684624927980e-03
1.735992980345468003e-03
1.697244788452774737e-03
1.680149427953784311e-03
1.653202718087199612e-03
1.649829627394869573e-03
1.640930140066837331e-03
1.624010694087463236e-03
1.604212472281634416e-03
1.594098876183894708e-03
1.567200148719186635e-03
1.556154588510395712e-03
1.549555631533411273e-03
1.523438806549249269e-03
1.499181361682843218e-03
1.494859618440697382e-03
1.486799136653238224e-03
1.483556689480005882e-03
1.457271065412519152e-03
1.437158591120736139e-03
1.426485613989424096e-03
1.409378891862182607e-03
1.403150336581743957e-03
1.398482489111558267e-03
1.389617917892367258e-03
1.378613136450363048e-03
1.362328163908461563e-03
1.340092423215670601e-03
1.338095382703714505e-03
1.326445026947061651e-03
1.311142794810874618e-03
1.303080561234086845e-03
1.285212103498321228e-03
1.281915652503753510e-03
1.274835890275957109e-03
1.255772569104486461e-03
1.252250447671075448e-03
1.243890276767870224e-03
1.237260222947384955e-03
1.235149568417457039e-03
1.225557087543195081e-03
1.223345366008078911e-03
1.217436997582984227e-03
1.186424899276381601e-03
1.183497217119050537e-03
1.176286854492946147e-03
1.162884411859278332e-03
1.154693712199100081e-03
1.152178608557444250e-03
1.146281966285138138e-03
1.139229675766830364e-03
1.128626657295650178e-03
1.119318814481590901e-03
1.115466522770774222e-03
1.099766960342279942e-03
1.088675676734106573e-03
1.078715070065412078e-03
1.070255212365265121e-03
