6.704681628234790414e-02
6.498543960202125824e-02
4.234587533733166764e-02
3.033431086094790993e-02
2.977102638723676253e-02
2.397274974745196990e-02
2.101722001622564895e-02
2.006810200952356682e-02
1.761525327211133085e-02
1.607645153968652665e-02
1.516410850108833655e-02
1.334224801686622469e-02
1.217833776448652358e-02
1.166650214531620051e-02
1.113122871367895790e-02
1.039149960687664291e-02
1.000575652511322133e-02
9.751666416793640380e-03
9.404342780475648950e-03
8.929526635402354126e-03
8.697770560195135572e-03
8.350601185686399447e-03
8.041755449858556046e-03
7.543381122321648515e-03
7.491473232686569027e-03
6.977694513024213820e-03
6.658125116185297475e-03
6.454746565276313526e-03
6.270788844157813326e-03
6.148032267885988889e-03
6.066903378774148557e-03
5.961992405248099126e-03
5.804465751898689116e-03
5.623885243400301992e-03
5.412229121867103386e-03
5.402586244442916449e-03
5.229345324165679369e-03
5.179267332413387166e-03
4.949912006606632664e-03
4.887305250860882189e-03
4.755612725323272137e-03
4.615529497230119217e-03
4.570222103644463324e-03
4.396947087396674107e-03
4.362754315595401312e-03
4.244661620055714506e-03
4.169512801081350778e-03
4.114606445542140327e-03
4.076560828225621672e-03
3.979943064141116572e-03
3.890728340129682213e-03
3.847254928510845072e-03
3.797311318745695465e-03
3.759053246682466601e-03
3.683132881423522263e-03
3.621233706627436863e-03
3.490298409231693422e-03
3.477556820648694969e-03
3.385025628923235812e-03
3.360976043907012469e-03
3.339158399893183294e-03
3.295215822519006674e-03
3.233869153407445060e-03
3.217205119024894432e-03
3.166121141866725004e-03
3.133071429734075007e-03
3.112705389646619556e-03
3.023204339950724510e-03
3.004029408092415837e-03
2.955962489333169817e-03
2.860130350147325855e-03
2.829861973498992711e-03
2.781185917258810394e-03
2.774922113382888994e-03
2.747353698205531273e-03
2.687801413543008076e-03
2.673184986091203807e-03
2.645571032254429803e-03
2.585336286467359527e-03
2.542304219615721013e-03
2.523307882073605370e-03
2.509833344592843785e-03
2.475529414254521061e-03
2.464622139134969685e-03
2.424818861894496771e-03
2.387936229370845025e-03
2.374775733040539703e-03
2.366366455810276631e-03
2.336357619363456633e-03
2.302094525872046184e-03
2.287351515226469529e-03
2.279248516073783312e-03
2.258671492412005558e-03
2.219062466428659963e-03
2.194656923199569867e-03
2.134497457160524237e-03
2.124556015750334731e-03
2.112592505789607621e-03
2.078347969991026657e-03
2.067958951232891449e-03
