1.240480642784953236e-01
6.499197609812117082e-02
4.870794367419949145e-02
2.300257958285614052e-02
1.840847978841240670e-02
1.717627217644798060e-02
1.461510072526765909e-02
1.106226780782821467e-02
1.019605863312349377e-02
7.993383239386508618e-03
7.735616397743358061e-03
6.276946007865343187e-03
6.198651182640188897e-03
5.601062421704867608e-03
4.766888476362274654e-03
4.542773613228406372e-03
4.422514959964453200e-03
4.253038377304392374e-03
4.170414204158668162e-03
3.958252665192684566e-03
3.864894628704031339e-03
3.613227598835115281e-03
3.563996163085350610e-03
3.484898330505224046e-03
3.249489317876803809e-03
3.180414984308164821e-03
3.157112547790733893e-03
3.068210007479492754e-03
2.922292056809869254e-03
2.856361493660065920e-03
2.771354425894532059e-03
2.754199400691402944e-03
2.690358530103604574e-03
2.642068631553343497e-03
2.613600331107804580e-03
2.586242003457132465e-03
2.512419137813207571e-03
2.469385338225125581e-03
2.447085743683056862e-03
2.420955928595605600e-03
2.357346202838099796e-03
2.316538487203876565e-03
2.309883942125554642e-03
2.254729284771768254e-03
2.238056982839140788e-03
2.213086799166485551e-03
2.184168507095472604e-03
2.151619976271656413e-03
2.135599375449304203e-03
2.110897822554938259e-03
2.078537943359194239e-03
2.049714175043607870e-03
2.031220186186932872e-03
2.022181841330587728e-03
1.995064513695985874e-03
1.984104081882083134e-03
1.957353509440677795e-03
1.943650456965990113e-03
1.914523181696997948e-03
1.901135262159005202e-03
1.896452057881362974e-03
1.877152414758861141e-03
1.847820742197177216e-03
1.843333537623652145e-03
1.832944833098770071e-03
1.804430321794398950e-03
1.795473384908951187e-03
1.790472250745728418e-03
1.770334430335634241e-03
1.766826629804424745e-03
1.745213595321581110e-03
1.725065341569579497e-03
1.708664178678725824e-03
1.699007522325819306e-03
1.691802463942598594e-03
1.688205032231320174e-03
1.665708800296889641e-03
1.654563350131706134e-03
1.651301444839155729e-03
1.643283177048549589e-03
1.626991899214476041e-03
1.606362934843051128e-03
1.599025733968004008e-03
1.598456277124754186e-03
1.576003616738093404e-03
1.560365858300247254e-03
1.552805014415055722e-03
1.543077743145267449e-03
1.533568602623921594e-03
1.515602528248935921e-03
1.502550914740742420e-03
1.499031613616074897e-03
1.481537157951659566e-03
1.472219406830282658e-03
1.462046801710779192e-03
1.449596466255063032e-03
1.442145280614936381e-03
1.435066208244889247e-03
1.428446400381065424e-03
1.420355527594401859e-03
