1.385058728843607811e-01
6.613847161211490466e-02
3.870474998295980046e-02
2.547989911123703030e-02
1.880674282349624124e-02
1.754079638172366742e-02
1.384233251499233236e-02
1.192419755346040347e-02
1.033670316130786034e-02
7.748914163821380048e-03
7.715343072233992600e-03
6.526877633977501945e-03
6.147454544982274699e-03
5.695600431692582170e-03
5.172577141926607003e-03
4.620738371025443110e-03
4.374552760477453880e-03
4.258302336931286958e-03
4.070692221611758345e-03
3.947272624862043118e-03
3.835930559029336259e-03
3.615533651345487296e-03
3.445807622939720156e-03
3.405280130352237363e-03
3.325713474443808566e-03
3.234463749246494196e-03
3.187712516869078885e-03
3.071688289423897111e-03
2.992369184953989989e-03
2.939653131856482735e-03
2.935438214347687452e-03
2.809231056469681936e-03
2.739736498397464352e-03
2.715230748129435472e-03
2.566016075592845308e-03
2.540497256837105904e-03
2.483856956160233453e-03
2.451995867051109078e-03
2.379915539897747411e-03
2.371276140893884086e-03
2.343791734714792060e-03
2.306521232837551501e-03
2.300154064134280786e-03
2.270732078755201711e-03
2.244308642559244074e-03
2.198867435109105612e-03
2.157461745899175599e-03
2.138573465856976642e-03
2.108772381099004861e-03
2.096025525481590591e-03
2.075696013708015764e-03
2.058093058169678698e-03
2.043096031544264050e-03
2.009407927722943119e-03
1.997328306124790051e-03
1.988490767123685631e-03
1.959760146393203610e-03
1.944472196381549084e-03
1.927235928624590651e-03
1.905280607706991147e-03
1.872195858787191860e-03
1.860026107324755503e-03
1.852480750316143517e-03
1.834420768775570998e-03
1.817021171318923935e-03
1.805429536962435992e-03
1.789301553723366507e-03
1.769996077931399858e-03
1.763015037649444264e-03
1.744464592560799731e-03
1.733520215619348661e-03
1.712790676789332752e-03
1.696785510112396901e-03
1.695148160717849023e-03
1.681280497699569765e-03
1.668259013994753334e-03
1.660915619219383672e-03
1.647870088239589310e-03
1.636942417114375546e-03
1.617530254375644082e-03
1.614584696219508331e-03
1.603204402041555647e-03
1.592514911889197568e-03
1.578719009291383764e-03
1.570355222914028223e-03
1.562059782465773572e-03
1.546035094049558146e-03
1.528644326144818193e-03
1.521831091475052758e-03
1.507748747688299673e-03
1.497611750414330973e-03
1.491094798014555795e-03
1.485353849722884523e-03
1.470881553203453370e-03
1.461653260503735377e-03
1.443024193124878935e-03
1.439920353396376531e-03
1.433357398688500303e-03
1.428080191749890463e-03
1.415995795998669293e-03
