9.514423179425209043e-02
2.391804561767477827e-02
2.072030220311341792e-02
1.061777794320540799e-02
9.486398756433275445e-03
8.725134740342718395e-03
5.948362059848132100e-03
5.561777557067708322e-03
4.387766510823718803e-03
4.221271176048009902e-03
2.959797226052592132e-03
2.691817850226145559e-03
2.450363213101111517e-03
2.317123761748914306e-03
2.236158750712199245e-03
2.081199644821820228e-03
1.933926988547113399e-03
1.842870164528911253e-03
1.732164643149698225e-03
1.633823206888976613e-03
1.530764367691508964e-03
1.495285250534189809e-03
1.393962320354670851e-03
1.317563705958661431e-03
1.271799625719513636e-03
1.237752944718436459e-03
1.190709871742881738e-03
1.173964831118375724e-03
1.125030045255100619e-03
1.112760399172951168e-03
1.092053401533219382e-03
1.057210856914279819e-03
1.036571569792258535e-03
1.017419361917885510e-03
9.698407095253732671e-04
9.497772081642825341e-04
9.416757971958354938e-04
9.311821520645600708e-04
9.140756304570833279e-04
8.969613131322994341e-04
8.937216505536438229e-04
8.834029304839173839e-04
8.651364103959475506e-04
8.471432026987198594e-04
8.240132560205715639e-04
8.146160480137614726e-04
8.015670175198154508e-04
7.916243469140145459e-04
7.817869708909134813e-04
7.760890785651425533e-04
7.646959294244929034e-04
7.560805624854596970e-04
7.464792320672201291e-04
7.397843664862525362e-04
7.328943809807071533e-04
7.253246530190445018e-04
7.186703015892455769e-04
7.081561224563216001e-04
7.057275221138546066e-04
6.931820367089929196e-04
6.809286901112988595e-04
6.777649695320622433e-04
6.734220535041070873e-04
6.647271829904078137e-04
6.606691806712369905e-04
6.495209541022423094e-04
6.475567846509827294e-04
6.438286283997204321e-04
6.362342692123605821e-04
6.281587044753525906e-04
6.205400806247083441e-04
6.159560876808446500e-04
6.067768861974029556e-04
6.047580964709182213e-04
5.992432458601796089e-04
5.909677191643973810e-04
5.886189973793823794e-04
5.868957840783307293e-04
5.824969958213275806e-04
5.744942463066076430e-04
5.719110106934563540e-04
5.689710198326729772e-04
5.663248036235343568e-04
5.602196839044895019e-04
5.575458336755749738e-04
5.562259302391853047e-04
5.533732193392212808e-04
5.455494513306630459e-04
5.438313873060911068e-04
5.397433410069778356e-04
5.328219441038685965e-04
5.281705420706056401e-04
5.178259331531883704e-04
5.148671897049427425e-04
5.117913189713885203e-04
5.100319282774328769e-04
5.086373008595065134e-04
5.028145081579449499e-04
5.008317758006633784e-04
4.990897074645849396e-04
