1.241943109304545767e-01
5.032104315952495854e-02
4.380714669758384999e-02
1.937066069924078121e-02
1.600912328572990859e-02
1.373645035959878725e-02
1.176212877374134373e-02
9.241705140771681870e-03
7.979212227374785082e-03
6.537488137981077238e-03
5.797067159131556388e-03
5.016647545149784636e-03
4.845234062127917740e-03
4.430695129791281141e-03
4.092998658914302930e-03
3.916354688399185241e-03
3.648963765054709114e-03
3.593911296983371469e-03
3.458729354279113655e-03
3.280681237172105875e-03
3.197089232899595623e-03
3.084669491124360317e-03
2.973977105234852560e-03
2.891619460809445943e-03
2.777757876547222882e-03
2.649758563378437105e-03
2.634411047955703775e-03
2.586654059111326807e-03
2.489915023709936455e-03
2.427431202316813336e-03
2.405941437103785007e-03
2.304548151457270783e-03
2.297981124593133275e-03
2.242750546443791643e-03
2.196631812554380222e-03
2.155737327058252460e-03
2.146619979650850676e-03
2.131821281800285687e-03
2.112155582804346558e-03
2.083702836088512002e-03
2.069971609068636982e-03
2.006656765119171470e-03
1.985811967183314427e-03
1.961861586584786460e-03
1.937244018718115891e-03
1.904844177457963627e-03
1.896900869282365683e-03
1.870174433936308816e-03
1.848272708707648969e-03
1.820308782821284657e-03
1.809000067090694606e-03
1.794280123498067769e-03
1.773690348134503722e-03
1.761523350872927799e-03
1.747874966677602070e-03
1.709572276367202041e-03
1.706545523470430698e-03
1.696107319980137088e-03
1.681764041123312960e-03
1.664130070129690026e-03
1.655152855325343550e-03
1.644858856891129361e-03
1.628425536570045091e-03
1.610776827009733443e-03
1.593299128444713910e-03
1.577706592064201385e-03
1.562217985744051348e-03
1.556971798879561121e-03
1.552230272994071939e-03
1.512325843419040682e-03
1.497615832653111491e-03
1.494278825473717084e-03
1.487594201401631552e-03
1.468953622848023647e-03
1.466043944921173632e-03
1.461170200449250865e-03
1.455698383988833630e-03
1.450541774137122965e-03
1.436764270341132606e-03
1.417066342251001873e-03
1.405320437960828677e-03
1.390640081658369364e-03
1.380182259445006257e-03
1.370060259593533719e-03
1.359575126911133748e-03
1.356798281896871719e-03
1.346284070508087325e-03
1.335448136546392396e-03
1.325792321112706420e-03
1.323494968518457637e-03
1.313868843480942798e-03
1.308576344141090288e-03
1.295337928008026898e-03
1.288830693652536375e-03
1.281875599319899943e-03
1.281576290713331212e-03
1.267371644223513720e-03
1.254938486765953213e-03
1.250037200877673503e-03
1.248622455140492799e-03
