1.145685584442024257e-01
3.094371070439877469e-02
2.589365185825904386e-02
1.619638076640600444e-02
1.196360255124279820e-02
9.602475353631872990e-03
7.366652607583538612e-03
6.729056033481186326e-03
5.701372247585217642e-03
4.497998079251813025e-03
4.431904128917243599e-03
3.978801891773269504e-03
3.641980252851764657e-03
3.522945076798617361e-03
3.300477505904031786e-03
3.181296071794775977e-03
3.056989871900815843e-03
2.840222146518628279e-03
2.813844526989630560e-03
2.636950247536876298e-03
2.584925601453686838e-03
2.483819834537698886e-03
2.414525162698102651e-03
2.301582384453935634e-03
2.273724926269340713e-03
2.213712078330422935e-03
2.150307851081147137e-03
2.101999849968057971e-03
2.076502858857257050e-03
2.044665557753749200e-03
2.013783677796961678e-03
1.974756894492597000e-03
1.929079829410135184e-03
1.875740497652617121e-03
1.834261637455104552e-03
1.830919361772116467e-03
1.784546331313571982e-03
1.756732100814418444e-03
1.731174064409605725e-03
1.693526159384915741e-03
1.680771467306966735e-03
1.614866614674408552e-03
1.594982374219417820e-03
1.579465045522280989e-03
1.564986722618445314e-03
1.548063670819733876e-03
1.535044474661585159e-03
1.505756879479538913e-03
1.496698497067049495e-03
1.487717635848369562e-03
1.462058960601707574e-03
1.457304743090764897e-03
1.436154582053422420e-03
1.423631373498104695e-03
1.403372012427338625e-03
1.370710755085513240e-03
1.365344997786986387e-03
1.350074389112726567e-03
1.327926704320809247e-03
1.321177574373606604e-03
1.309173416150479158e-03
1.288896532156945125e-03
1.268068357948811233e-03
1.257187876391663989e-03
1.242076327591965651e-03
1.235405054425749898e-03
1.224635723508770866e-03
1.214327889190779889e-03
1.204277278660753885e-03
1.186808682286958835e-03
1.173701099698043525e-03
1.171499206540485994e-03
1.159097659905055505e-03
1.142143649441514867e-03
1.135472594000459931e-03
1.120286734612434753e-03
1.106483099630741493e-03
1.093607218765367496e-03
1.089045582440121814e-03
1.080340556844635452e-03
1.075197797519458634e-03
1.055055293079505381e-03
1.047474934962760486e-03
1.040380764065269208e-03
1.033595183632850896e-03
1.028389944648552302e-03
1.022931406832903664e-03
1.019012298154348345e-03
1.008041025258600868e-03
1.002796675537473859e-03
9.948139719417273957e-04
9.773136129886767984e-04
9.742008459440479285e-04
9.652115743392973655e-04
9.531097535128517763e-04
9.482616376337922766e-04
9.470769601287424991e-04
9.426522895860456677e-04
9.357480489102097850e-04
9.253442893219711481e-04
