7.428542074141722407e-02
6.626449743122170277e-02
4.062149261909773351e-02
3.292093224757051961e-02
2.855455189341018010e-02
2.418671869526511226e-02
2.217000769737517696e-02
1.985984004903199387e-02
1.739711360711903090e-02
1.579369184913891055e-02
1.464310091254617668e-02
1.318273490577444307e-02
1.280843788042681196e-02
1.240431397578544391e-02
1.136181966634485646e-02
1.086908045509487296e-02
1.005650843316176907e-02
9.814283884173975389e-03
9.025497262319184116e-03
8.790599735335810974e-03
8.398013679615392788e-03
8.208621986373601867e-03
7.869921163446442353e-03
7.420459988911285235e-03
7.331998131046960770e-03
7.084961686632096529e-03
6.888297086705285135e-03
6.628663836725657427e-03
6.293412609009583179e-03
6.074180819173650991e-03
5.988654583689018499e-03
5.803152883591027392e-03
5.650785488305165583e-03
5.415643529687246688e-03
5.293763775582267621e-03
5.151110666529872505e-03
5.076564522361904155e-03
4.797445657470237983e-03
4.742113903089664739e-03
4.657164230256551768e-03
4.587246246440344379e-03
4.552799761648441100e-03
4.488437472241213651e-03
4.376545394291274024e-03
4.331961997532959505e-03
4.230582201897706979e-03
4.188796490850997707e-03
3.938609071626701999e-03
3.896076079185952553e-03
3.860058575426293832e-03
3.783401079303803146e-03
3.770227988294278139e-03
3.643593406780343009e-03
3.574284746367406302e-03
3.546956858063299647e-03
3.453610451036926744e-03
3.416323098203342349e-03
3.369825096333231660e-03
3.323418615007244208e-03
3.224878877944329248e-03
3.149311172790427923e-03
3.098919706353894538e-03
3.089291296180388027e-03
3.070286960991739939e-03
3.044561667944201567e-03
3.021429684796241369e-03
2.966879099951943814e-03
2.908398343176561793e-03
2.863550692972089296e-03
2.848136486623530344e-03
2.817589161541490372e-03
2.768510746753510658e-03
2.761895213830070726e-03
2.710436371681386285e-03
2.669869018265601766e-03
2.654297864115172552e-03
2.625308083996608522e-03
2.610063218175860331e-03
2.547180148923945241e-03
2.540818127385282687e-03
2.499031601371940175e-03
2.440091177787206099e-03
2.415643403255016055e-03
2.410175151645181733e-03
2.388451349536298111e-03
2.374057350800587093e-03
2.359724341668928502e-03
2.292673675043548683e-03
2.278436861556069545e-03
2.268197016641657678e-03
2.257457502820352669e-03
2.239501394901024720e-03
2.231386362615791260e-03
2.178100598353919452e-03
2.160617481197066661e-03
2.147750698569776597e-03
2.135397792579664476e-03
2.124887817235239767e-03
2.105214059902516758e-03
2.081011019945991705e-03
