1.262633755079908271e-01
3.147363654908317404e-02
3.002945993476906911e-02
1.394296765188028295e-02
1.309229128068713915e-02
1.164803515111474674e-02
7.430173316080069222e-03
6.925566975681354473e-03
6.063839326266192570e-03
5.168258145559353860e-03
3.755648328313545940e-03
3.201695147962855138e-03
3.132540811373982822e-03
2.860876076108336691e-03
2.699523084782522696e-03
2.553113406417843040e-03
2.377756875142558648e-03
2.168554902150387435e-03
2.126806827855938064e-03
2.061852436873781811e-03
1.924182656570537497e-03
1.839098830132471609e-03
1.729797046451264425e-03
1.660280641867455543e-03
1.607870983962705978e-03
1.570392448651053907e-03
1.508368688331051177e-03
1.472918304244969206e-03
1.413969295059385074e-03
1.397953957661124185e-03
1.348256056651932861e-03
1.323211967577855429e-03
1.300306700515151733e-03
1.287210061266802182e-03
1.260452512957107576e-03
1.231640153924518305e-03
1.208334619556977046e-03
1.195169813213331359e-03
1.181798222690352016e-03
1.160506818987994777e-03
1.160445184947607542e-03
1.133489936813451577e-03
1.123205194358428390e-03
1.107403535715894682e-03
1.091629772877462544e-03
1.069376247156817502e-03
1.063851668955883732e-03
1.043256596834013636e-03
1.031248078500909783e-03
1.025290544447649823e-03
1.013843433284640104e-03
1.004893395683560979e-03
9.892614469793959472e-04
9.831338576755718067e-04
9.702803020013357370e-04
9.601400779063337882e-04
9.473195268738589551e-04
9.430913972695792805e-04
9.158058423022523648e-04
9.134617310222827068e-04
9.100338313492621969e-04
9.065887254568555592e-04
8.991555473680407648e-04
8.866869976119711415e-04
8.825867889746298600e-04
8.646162394065551446e-04
8.553441950013412074e-04
8.477776741695316944e-04
8.442246845608480845e-04
8.401004617708738003e-04
8.346258265059547940e-04
8.249222443934021770e-04
8.212583479869942039e-04
8.163875969187841652e-04
8.132020634502334141e-04
8.096335764520912800e-04
7.998221349706396456e-04
7.963365274892085901e-04
7.874051865519140266e-04
7.836927021401992851e-04
7.781466968420382418e-04
7.656660347933262308e-04
7.635432145112300588e-04
7.533252601224279393e-04
7.518378881931176783e-04
7.485175960608021458e-04
7.442502932726302589e-04
7.311944110171527192e-04
7.299021066711912408e-04
7.277041735434862466e-04
7.251646426866984949e-04
7.248807492807083459e-04
7.183320433904377472e-04
7.092286358049203297e-04
7.055907511096093767e-04
6.995005928403928057e-04
6.970329006595779413e-04
6.950207049351060260e-04
6.877448276961567377e-04
6.851080078273793974e-04
