1.245918840546249573e-01
8.099768916233497651e-02
4.211526040258922049e-02
3.096046732424973316e-02
2.259292525500319199e-02
2.053051899827400273e-02
1.770121441497016918e-02
1.600294276844340877e-02
1.351353131279071397e-02
1.072282574412556332e-02
9.663222789328039519e-03
8.268378132618294657e-03
8.081928793553773416e-03
7.365217160931966829e-03
6.799311555095650592e-03
6.438585182954676724e-03
5.916489270712082561e-03
5.458642074511749730e-03
5.272912403451120861e-03
4.956673268690583653e-03
4.851344231822213825e-03
4.805049941511364137e-03
4.542134491658147109e-03
4.453800468339334274e-03
4.361029669013791188e-03
4.221547596067153942e-03
3.966451282475655024e-03
3.863193898937436650e-03
3.694055250263548942e-03
3.622100733933813956e-03
3.456216428258013489e-03
3.421974346038403596e-03
3.390450511458745729e-03
3.291213059593442892e-03
3.193846845004198309e-03
3.128567297744334463e-03
3.033571544686430605e-03
2.980807389453454543e-03
2.964706052812129781e-03
2.930801141411640449e-03
2.865754179235853894e-03
2.814590218704998183e-03
2.770744387759635496e-03
2.749122701786799357e-03
2.685914124702566599e-03
2.653387779368507338e-03
2.633539617563808964e-03
2.589748615779393411e-03
2.578754559382204561e-03
2.524613838303742166e-03
2.497125663064682366e-03
2.476224922024970222e-03
2.431455152734839868e-03
2.398814517583352460e-03
2.379835572921070678e-03
2.364935914023754120e-03
2.333533051156927267e-03
2.316848596295841087e-03
2.275271101746817719e-03
2.271634013104857283e-03
2.228779004098313445e-03
2.220614621500243725e-03
2.205814051132239020e-03
2.190521657073781197e-03
2.158785792143155195e-03
2.125068717585933738e-03
2.116937217464118486e-03
2.112387914951661168e-03
2.077717492188669787e-03
2.069934653461706024e-03
2.043511260616573486e-03
2.022805594312396087e-03
2.020169729876389840e-03
2.007078192754757715e-03
1.999775253003713543e-03
1.969728242832410013e-03
1.966331487140568317e-03
1.953306643266760744e-03
1.938658536607525129e-03
1.919386701653045049e-03
1.906247678099464403e-03
1.891518694880041330e-03
1.878182912813682872e-03
1.858407168426375565e-03
1.838255676346755305e-03
1.831666099208076022e-03
1.819331317643842856e-03
1.803082064925751312e-03
1.784652096808745335e-03
1.779863845781436658e-03
1.769701781396762442e-03
1.744103535684970660e-03
1.730188322246759133e-03
1.725293746709515540e-03
1.713749548499245243e-03
1.707015433671986221e-03
1.693741125731309605e-03
1.683714514106113150e-03
1.673691165355162226e-03
1.667541423073708043e-03
