8.291142920015469320e-02
2.613375824266951988e-02
2.249810060709667853e-02
1.104184400478347601e-02
8.976442139210630278e-03
7.652530329764690650e-03
6.214242510578887359e-03
5.294540516655462693e-03
4.842085705914091383e-03
3.720709611138605863e-03
3.416754796257247349e-03
2.931019226948655167e-03
2.847821838441322827e-03
2.667163747479811293e-03
2.569494142480062328e-03
2.350462233899530164e-03
2.253481018033522913e-03
2.188791255001966418e-03
2.036977219524079182e-03
1.950663894373872104e-03
1.906569692611432719e-03
1.824841466460293141e-03
1.813644378003103535e-03
1.730516674845492290e-03
1.655380322896581784e-03
1.627225259744525306e-03
1.588881246532078059e-03
1.548543938782246266e-03
1.514649480169072112e-03
1.488269165716053040e-03
1.449469536050369562e-03
1.416266075800018398e-03
1.396344920267770942e-03
1.354757438341557549e-03
1.334383119978004278e-03
1.286104099388033547e-03
1.267501028686561894e-03
1.247323500202894564e-03
1.235646418686211319e-03
1.218448351059505481e-03
1.195644113365912625e-03
1.191518858432808262e-03
1.162941413743302874e-03
1.147479173306484258e-03
1.144011170591136819e-03
1.118404569573029942e-03
1.096343589860183107e-03
1.072811760400134038e-03
1.059296190061819734e-03
1.052715032631622739e-03
1.039331532921872105e-03
1.039035433582212020e-03
1.022927658722379675e-03
1.006418502846332091e-03
9.917627271012088679e-04
9.803299785646668509e-04
9.710159509047220283e-04
9.618907077282583436e-04
9.581973578188444744e-04
9.388822921376550369e-04
9.325108437105188771e-04
9.299698680407936496e-04
9.157339743300272044e-04
9.075341561136193074e-04
8.987909311255170815e-04
8.816304019360583300e-04
8.758597262836392318e-04
8.684954757081922916e-04
8.634465282643300930e-04
8.585918462182948923e-04
8.532389591133567475e-04
8.486509057298422020e-04
8.333674573136333648e-04
8.303027915180932490e-04
8.245372245864221288e-04
8.156996560468238785e-04
8.129856605825283578e-04
7.999922329880302567e-04
7.962998099765595519e-04
7.885076570683343441e-04
7.851225248058940230e-04
7.756006229506373509e-04
7.680331512343406943e-04
7.585342113775398734e-04
7.578551555543392533e-04
7.547203543865492513e-04
7.422933605156593071e-04
7.410070779143855708e-04
7.325505862604524002e-04
7.270109678379276874e-04
7.244961374699663290e-04
7.138277948945875384e-04
7.035576393494849751e-04
6.985044189184807075e-04
6.962834185111258347e-04
6.918978999469350272e-04
6.844902119572971464e-04
6.787219842489954254e-04
6.734603282085866848e-04
6.689609570842835898e-04
