1.120881883370089815e-01
4.176205187615211062e-02
3.202119546571283171e-02
1.470754319970258607e-02
1.256038456891335475e-02
1.044719222397274931e-02
9.014242981144957381e-03
7.918176726456426992e-03
6.463490231360878059e-03
5.198860262670409321e-03
4.651658946670963329e-03
4.221418416572928281e-03
3.990605853712217606e-03
3.901686058918261025e-03
3.661770860079128966e-03
3.345032646831726155e-03
3.294460434003021378e-03
3.079113807990428112e-03
2.903140218693207441e-03
2.821218667116503001e-03
2.759907299630714149e-03
2.676049566056687423e-03
2.572252506929198837e-03
2.518768576048649541e-03
2.451363107885174992e-03
2.399242590269429036e-03
2.363109240630959125e-03
2.346859466497084202e-03
2.274423594898653585e-03
2.135621921408550027e-03
2.116933472478917631e-03
2.095370492490864975e-03
2.083373926847151454e-03
2.023331629075291599e-03
1.989842316659118111e-03
1.972017533105024055e-03
1.919263641257338074e-03
1.877657209128737138e-03
1.843646715979512874e-03
1.820220343716514883e-03
1.791092819373130965e-03
1.744217603780470662e-03
1.726605311814859069e-03
1.719190592895533014e-03
1.687918644357557603e-03
1.674938077623347584e-03
1.642716364518294250e-03
1.625284997230883217e-03
1.597388847165237200e-03
1.587146756448775797e-03
1.566338941188744147e-03
1.559757079004675789e-03
1.533100880158371447e-03
1.524186031897119134e-03
1.518218518712078930e-03
1.503025677718966731e-03
1.491864814488064747e-03
1.466330634922088927e-03
1.447485460867271737e-03
1.432393794704646178e-03
1.422285202871684858e-03
1.400322570239128771e-03
1.394024636009321598e-03
1.384154517757267902e-03
1.361185033301175401e-03
1.355947659980208646e-03
1.333965013111261750e-03
1.323308474812942472e-03
1.318303018780687778e-03
1.310088097179211127e-03
1.298114493833635828e-03
1.277244170036398669e-03
1.270217918481705106e-03
1.267414199065306250e-03
1.253353111984505022e-03
1.239911678063863312e-03
1.226866433939637980e-03
1.226302676532977287e-03
1.209208222827599932e-03
1.207761460998511621e-03
1.195787983930611705e-03
1.191523597459821738e-03
1.170812206161635097e-03
1.163125636138249812e-03
1.155550778049882314e-03
1.144195511821394489e-03
1.138771038637391691e-03
1.133448435628772863e-03
1.123768351398060639e-03
1.118910266435081983e-03
1.105284523589531321e-03
1.097206347491394476e-03
1.091762808243845360e-03
1.082071534444994324e-03
1.072209812208448467e-03
1.065692302336624080e-03
1.058719722067714931e-03
1.042675490935225484e-03
1.029976630747631147e-03
1.025415808792946035e-03
