1.169359203529681396e-01
8.171777954312219039e-02
4.510159925184241414e-02
3.255828718870439065e-02
2.273045974841800612e-02
2.177735384926188580e-02
1.926006312551924518e-02
1.721962795973884172e-02
1.446873224137474115e-02
1.133243433222706070e-02
1.076438886554803055e-02
9.290873194712941791e-03
8.897644786245594364e-03
8.177217883416266000e-03
7.742118632215307106e-03
6.947693415083277223e-03
6.810226944760042721e-03
6.258700405952683649e-03
6.100862185377000507e-03
5.918116011531417489e-03
5.744876882970598869e-03
5.590051174360952287e-03
5.459478623281541210e-03
5.258926811050039334e-03
4.976209530016261449e-03
4.870117620666847107e-03
4.681664480590391579e-03
4.456448387066195074e-03
4.209801733964501150e-03
4.162423527791844248e-03
3.997746267132206918e-03
3.921756526157598594e-03
3.759177103381890987e-03
3.654575572392521152e-03
3.609373521038978377e-03
3.535947144246610972e-03
3.484870740442725084e-03
3.370088609059008773e-03
3.292015168338698582e-03
3.218550244004542843e-03
3.135358365622175313e-03
3.101685487385911870e-03
3.034728545509370740e-03
2.996912957680009527e-03
2.936319703403166611e-03
2.923157539686847307e-03
2.829143021321960799e-03
2.787000303671442573e-03
2.756809566892366638e-03
2.742164252258609460e-03
2.723259061023373864e-03
2.664013736151851081e-03
2.622742404751436749e-03
2.605813773125840917e-03
2.531650917266850022e-03
2.509891909499925664e-03
2.493058939287127931e-03
2.461595651570013237e-03
2.433057376268914218e-03
2.394875429434468322e-03
2.359934659278331310e-03
2.333594896696405529e-03
2.317898524190188745e-03
2.278835270229721301e-03
2.267603347612000796e-03
2.212130299486064072e-03
2.197575897917682271e-03
2.168849069894123079e-03
2.158420316080810267e-03
2.149343115820331364e-03
2.123000890986223056e-03
2.105291259650470849e-03
2.077724352311400517e-03
2.049695392930807065e-03
2.023603230671323742e-03
2.009921840633960028e-03
1.997426820999397001e-03
1.984982584836537858e-03
1.969395134083977081e-03
1.924005523020716913e-03
1.919048055305284245e-03
1.896155930969407747e-03
1.868432954413553129e-03
1.852829846979071578e-03
1.842192949898290759e-03
1.832169750847961092e-03
1.809378367871540463e-03
1.802132992605964996e-03
1.791046438179383750e-03
1.780725048711335893e-03
1.762608937700563825e-03
1.749543313213885055e-03
1.747527038402498000e-03
1.733369667947192577e-03
1.711616495845014792e-03
1.703986013329761989e-03
1.700425047176030210e-03
1.678395829893401889e-03
1.659306530660962153e-03
1.638559363961418014e-03
