8.181990188100644878e-02
2.893680836106382603e-02
2.331674487087728731e-02
1.173713237646055625e-02
8.988932972058006829e-03
8.095257322268763558e-03
6.339846268873810045e-03
6.129430632801259257e-03
5.231032268756601218e-03
4.063697218632619616e-03
3.893659977194706065e-03
3.418164245613319625e-03
3.248199335268735742e-03
3.024760984114110117e-03
2.955437952152275855e-03
2.637314890608924260e-03
2.605210900497135357e-03
2.472232170002433126e-03
2.384948936872513178e-03
2.285581089666048095e-03
2.256804344617845820e-03
2.195682447189310337e-03
2.139341572898132912e-03
2.081517264946379682e-03
1.981939175463795673e-03
1.959885537173358498e-03
1.886709431111127351e-03
1.834986269649880588e-03
1.771734151183752869e-03
1.751702704363540964e-03
1.704748290528444038e-03
1.689600719079641187e-03
1.647023549406254929e-03
1.615391154210538745e-03
1.604691600914297592e-03
1.581334620670481368e-03
1.537665200018821943e-03
1.514077747033347682e-03
1.490960593476994703e-03
1.480430746517674527e-03
1.442917713585242703e-03
1.427556928113858951e-03
1.414622686827034194e-03
1.395255855643263033e-03
1.343355874013795002e-03
1.341391434748400195e-03
1.322150057910910460e-03
1.300142856232445413e-03
1.292419870099852791e-03
1.267664131975427275e-03
1.256387008034699727e-03
1.239497028674378188e-03
1.224524718975828798e-03
1.208982238346745491e-03
1.189101865473966933e-03
1.184305110377988730e-03
1.175693793839569824e-03
1.160697289735710281e-03
1.142037432421665792e-03
1.126394075434852121e-03
1.106901020699124468e-03
1.099818106684337599e-03
1.091829427553563841e-03
1.086497630744425510e-03
1.069683787541875772e-03
1.065861144449880638e-03
1.048415948437383342e-03
1.039143842423803426e-03
1.031025245667781557e-03
1.023063310254164861e-03
1.015094857161173876e-03
1.011697482471788636e-03
9.974933224076540806e-04
9.950192815013614821e-04
9.854387842042151759e-04
9.763422364819551637e-04
9.643430304024280721e-04
9.576245900389752713e-04
9.546876303730199124e-04
9.391318978700067014e-04
9.321392258816513969e-04
9.280095778971020641e-04
9.211810689591117245e-04
9.129864910641701924e-04
9.015277197184264069e-04
8.970772138364551925e-04
8.893116500429682891e-04
8.806041916579707444e-04
8.687946673132663751e-04
8.647216921058636582e-04
8.565650740585458583e-04
8.470708996898138662e-04
8.402343895274072159e-04
8.329586777475971558e-04
8.283057562331426135e-04
8.174719788560530238e-04
8.116972325849870816e-04
8.049148372034194360e-04
7.964782154665650407e-04
7.941751664153642821e-04
