1.378900751239304501e-01
6.648793705101554985e-02
4.197476788089716387e-02
2.794676983708737489e-02
2.019110813946223271e-02
1.740729728575650045e-02
1.519510829083928205e-02
1.268716932111165450e-02
1.104492002074266600e-02
8.702591486546177452e-03
8.294348452391334461e-03
7.165318897985450269e-03
6.545055222624209142e-03
6.438836487184065524e-03
5.607046993241725924e-03
5.399553921918998252e-03
4.972617480874880203e-03
4.882137195368383732e-03
4.716556602987052871e-03
4.604897484006745430e-03
4.261703079229763741e-03
4.072264821817012798e-03
3.932445580503953625e-03
3.878181340483688629e-03
3.749786592977321503e-03
3.663159720125712566e-03
3.522459635984071316e-03
3.416281866478225720e-03
3.326503294324459521e-03
3.286488303432329346e-03
3.131548452651120636e-03
3.017434874889500952e-03
2.981798353036692675e-03
2.977388120863169816e-03
2.837054274571856015e-03
2.787757085425292356e-03
2.736438542710121959e-03
2.642838354228377751e-03
2.623810953853374182e-03
2.600707207592095269e-03
2.536053134132664529e-03
2.494475431674245732e-03
2.458211125605045972e-03
2.435903015466000122e-03
2.412074088776655894e-03
2.369818068586456924e-03
2.352797770425490119e-03
2.313078799465355558e-03
2.296897739554329236e-03
2.271751562309787514e-03
2.233835639396341416e-03
2.216672879300738818e-03
2.174680562182785149e-03
2.140672313795736505e-03
2.119436963919892405e-03
2.088481276636262613e-03
2.061784799591429192e-03
2.044219490947001699e-03
2.022870722987066446e-03
1.998176832540274079e-03
1.981767567957780796e-03
1.958948264183642696e-03
1.937599709725757900e-03
1.917491340390686458e-03
1.895946893339109851e-03
1.883249455105629865e-03
1.863117300507184312e-03
1.834605217552540872e-03
1.810687151121380010e-03
1.807485728834211250e-03
1.800896810202778529e-03
1.763162987252163893e-03
1.759196170429476501e-03
1.743097498106999099e-03
1.727739650460694693e-03
1.714919289945955345e-03
1.711382675886414986e-03
1.701657327290324482e-03
1.691887700741908501e-03
1.683908661091542639e-03
1.664035237853379043e-03
1.652068331138634551e-03
1.627554515255202460e-03
1.622764639476571152e-03
1.608867610577274657e-03
1.592197846454089603e-03
1.565387387389464589e-03
1.562618215724072496e-03
1.545525989824774512e-03
1.534475399036476593e-03
1.519151569043917941e-03
1.513991236588114022e-03
1.508859277632291487e-03
1.477296513536677713e-03
1.466393692886046362e-03
1.457577977896498634e-03
1.453987268178073833e-03
1.446512608661710718e-03
1.443315940520225856e-03
1.427281121616967878e-03
