-2.789935734724524607e-03
5.512830441772420542e-03
2.410605026206558144e-02
2.296390396442993254e-02
2.025855888257954707e-02
1.913299909834675905e-02
1.671232809256562035e-02
1.466417758127924742e-02
1.261103719466238893e-02
1.344494320780165175e-02
1.062148535970530716e-02
1.957296536719610458e-02
1.789852208733500039e-02
1.506603853096688539e-02
1.332006033910215770e-02
1.315397841377075050e-02
1.585367492638989351e-02
1.312133491940425944e-02
1.030135826854006176e-02
8.317598862011887917e-03
1.019541728804085334e-02
8.817242953383708226e-03
6.466868164519912199e-03
3.961425197262613551e-03
6.141525374353751232e-03
3.881257625446332682e-03
1.830734791151589214e-03
-1.117916295352072709e-03
-3.810468607845729494e-03
1.210936096774950510e-02
1.086763597646367430e-02
1.054525899227143348e-02
3.944096332065394339e-02
4.202627365233413403e-02
5.976020650078028851e-02
5.697825347976737120e-02
5.834412835292301924e-02
5.546805583926439631e-02
5.634154822366854720e-02
5.343160730877272169e-02
5.582489602225726433e-02
5.286136485094572457e-02
6.313628861100117895e-02
6.092801219221843922e-02
5.850071184289151738e-02
6.977773147851762392e-02
7.117840012531850835e-02
6.891861792234799111e-02
6.863991263283919508e-02
8.032012751615502655e-02
8.773544691279333563e-02
8.603563666665359211e-02
8.431789285672464107e-02
8.375489858722917624e-02
8.223287825592806577e-02
8.358488583597500909e-02
8.066641357311987726e-02
7.910846658588233105e-02
7.764818448674393192e-02
9.388575252653053038e-02
9.573091477349637834e-02
1.013939315503028515e-01
1.003547298648334030e-01
1.018007429209523140e-01
1.069240397905764084e-01
1.040487807076184712e-01
1.016252724423680753e-01
1.096743413894747388e-01
1.209651803037977702e-01
1.239504339772454777e-01
1.283065859893677274e-01
1.256720959590282849e-01
1.251612744572001557e-01
1.229957813023934143e-01
1.226957874617640165e-01
1.273232959174613876e-01
1.251805919771437070e-01
1.641335884525725319e-01
1.614389807875107330e-01
1.586106175626004200e-01
1.655854998617684037e-01
1.665057476953394344e-01
1.651873379537818209e-01
1.684273445086041932e-01
1.867858697035496007e-01
2.005204823298476491e-01
2.319520852073586603e-01
2.366328425851316197e-01
2.366440101828709563e-01
2.423894913694395470e-01
2.795381726443455506e-01
3.271275283519137211e-01
3.901522034980454690e-01
6.440567252439236556e-01
6.598067647161391935e-01
6.591837305645359413e-01
7.350369612608094183e-01
7.354853549187432282e-01
7.422927053382930573e-01
7.468039840587832323e-01
