5.563524744675685252e-02 5.890588419476117110e-02 5.701825137399241239e-02 5.704135550859212866e-02 5.800526990247301118e-02 6.119589511624112799e-02 6.698291499068864674e-02 7.404344201698720429e-02 8.001888452629524195e-02 8.941243437962598239e-02
8.592599150971269584e-02 9.030887566794931764e-02 1.267682110495743641e-01 1.874331721523659899e-01 1.634651089835204019e-01 5.991970703121951569e-02 6.443023633966271646e-02 7.145594149934730854e-02 7.789091711290474507e-02 9.117615055721539630e-02
2.401312017308043778e-01 2.468314909677513658e-01 2.502002344727041194e-01 2.543353924154698742e-01 2.521792700506607643e-01 2.430409255946011093e-01 2.404253139843076648e-01 2.215406309105746319e-01 1.892520351945606860e-01 1.550682283825771668e-01
2.411911945919783529e-01 2.447115936559780547e-01 2.497723658586538109e-01 2.555235083718245814e-01 2.519531219381858644e-01 2.409092991578213327e-01 2.386581315161186989e-01 2.209212771897974825e-01 1.900259554811949414e-01 1.578748295933214418e-01
2.419228717135457618e-01 2.433504191961211038e-01 2.479815568447356622e-01 2.535533913577263654e-01 2.498875183515165688e-01 2.411880170058309236e-01 2.431506216319135882e-01 2.304001765620028452e-01 1.903253279523647867e-01 1.554976815033848325e-01
3.234782907118692874e-01 3.390982542248147658e-01 3.435912888730427994e-01 3.502871232922112332e-01 3.461634584594261987e-01 3.299846599659654878e-01 3.149125335322418007e-01 2.952073322121977483e-01 1.938551104786039314e-01 1.548275684964236509e-01
3.470218613484279402e-01 3.463809420701075004e-01 3.473607129310937180e-01 3.591779262572498688e-01 3.711016197407479567e-01 3.851190363220926560e-01 3.796024041951067129e-01 3.807314899283122944e-01 3.629352024055663151e-01 2.169818627498033559e-01
3.486206262653337440e-01 3.511942229287007278e-01 3.533436663564601954e-01 3.671646192622537441e-01 3.748527303551347778e-01 3.864244446970105384e-01 3.890693928284917336e-01 3.823684909291229506e-01 3.749505748536174909e-01 3.217634291383865142e-01
4.409133380305083616e-01 4.131162310416091055e-01 3.867364979893490595e-01 3.851219474136378107e-01 3.817788053597234166e-01 3.860630638415911697e-01 3.877739026069390027e-01 4.204520985978013048e-01 4.058777621481671760e-01 3.568753386002595507e-01
4.542126709443892185e-01 4.672563045083235611e-01 4.774251815358234730e-01 4.865558952640089974e-01 4.873945780512620729e-01 4.888980130112856592e-01 4.943038741338571240e-01 4.906673053803460860e-01 4.778292506304814280e-01 4.430081497450123473e-01
4.970151877253194961e-01 5.129282979206530868e-01 5.224254319646315370e-01 5.271292946795451684e-01 5.211778874639938497e-01 5.137638483317570337e-01 5.065897702819761594e-01 4.898286389321789835e-01 4.777367748375332956e-01 4.521024213982035578e-01
4.955664309335773288e-01 5.116655783463930351e-01 5.254763178685466496e-01 5.381185863367177191e-01 5.272991327503233627e-01 5.144702590603273951e-01 5.051704133993153434e-01 4.933852769118497461e-01 5.014844967841700640e-01 4.682753384238551586e-01
4.941108793696913359e-01 5.106548589590302889e-01 5.276508425371292388e-01 5.424882966117996475e-01 5.351760376602912039e-01 5.266287345943247988e-01 5.133114596650196759e-01 4.945606285721292350e-01 5.000711764134353476e-01 4.845088639541225151e-01
4.979751066691562311e-01 5.135363139203488192e-01 5.285408050958659842e-01 5.414341320134941071e-01 5.410731525605774195e-01 5.477534794849447941e-01 5.528080194812535764e-01 5.583867476520304463e-01 5.525478778707301197e-01 4.996383102370399731e-01
5.355347953316638154e-01 5.543248182476435693e-01 5.352532976075144999e-01 5.412146270960801475e-01 5.629786277398888261e-01 5.513070853374206770e-01 5.526751953255332195e-01 5.593457666348211621e-01 5.580989981588744264e-01 5.582241694296622425e-01
5.391237300285178780e-01 5.600294158737777472e-01 5.708967621022049688e-01 5.722206217170162645e-01 5.748732118602876140e-01 5.733203668231205974e-01 5.583257415439742966e-01 5.585787544810605354e-01 5.704658671200062425e-01 5.735255515688528760e-01
5.671602192309865842e-01 5.757532301241339301e-01 5.714197970358588785e-01 5.709775851853968742e-01 5.736301836806598775e-01 5.721880313355464098e-01 5.663993470675967590e-01 5.690064462030353098e-01 5.794790677666830092e-01 5.736910820638101427e-01
5.733892997008862569e-01 5.775242806334883738e-01 5.746454525280870751e-01 5.783194285417911917e-01 5.799169072044536577e-01 5.720599993970397756e-01 5.688863421988010760e-01 5.684586351816119931e-01 5.795581832339025130e-01 5.822474080316850653e-01
5.724090129884265021e-01 5.763697931578004585e-01 5.736307967993424795e-01 5.782207287999858725e-01 5.852503737093441849e-01 5.774991263480022674e-01 5.686592611863867663e-01 5.712115490604763313e-01 5.811365889677451158e-01 5.908771051697199184e-01
5.773152054460831684e-01 5.820554075460127041e-01 5.790439507071611924e-01 5.818640592045225546e-01 5.855728058328355523e-01 5.785386123554465687e-01 5.674922042638852471e-01 5.734622247425322783e-01 5.829411024089672377e-01 5.921146459251103167e-01
5.807100268632969797e-01 5.813417206222986078e-01 5.778886659118616098e-01 5.815207179815651273e-01 5.906087752102675559e-01 5.773100956516198368e-01 5.687256964577942497e-01 5.729969002201360517e-01 5.880030412346879398e-01 5.911420355613868916e-01
5.843041110081456102e-01 5.956366967568076376e-01 6.005168658959397776e-01 6.011280116854236244e-01 6.008752094100808794e-01 5.920263137316577051e-01 5.856335146837166050e-01 5.966571059725385151e-01 6.025990850653095698e-01 5.963902033197688857e-01
5.926432302520150408e-01 5.990347228747310293e-01 6.003267450214031520e-01 6.003317871313931242e-01 6.004053302238790968e-01 5.913708648415847424e-01 5.913266042433256153e-01 6.018282378921859799e-01 6.071066795809818561e-01 5.958583603274985041e-01
6.029098815041483705e-01 6.086269161739229494e-01 6.041381881858423064e-01 5.991885085935615418e-01 6.032535263268119508e-01 5.907439720485853085e-01 5.914868270788378180e-01 6.080865176260493721e-01 6.060779797290306581e-01 6.046290659034083692e-01
6.078787830122398539e-01 6.083927341836086189e-01 6.035191881996782026e-01 5.983110317843607362e-01 6.025212607526072572e-01 5.914729782337704300e-01 6.002766432519270889e-01 6.095991422718466390e-01 6.095583558611805675e-01 6.062722361402754778e-01
6.146115856477669670e-01 6.089678049233910873e-01 6.074435498661729937e-01 6.014969644095344847e-01 6.050541052603907177e-01 5.911541055910662923e-01 6.016327650683879202e-01 6.190923537998113124e-01 6.107218659323121468e-01 6.084022355075704436e-01
6.136956992375566244e-01 6.300455833218011614e-01 6.110365776622070921e-01 6.044819312848216386e-01 6.335793233183291129e-01 6.229039767270685424e-01 6.164358208992637422e-01 6.207435099805422851e-01 6.129440540722356223e-01 6.172506213819957122e-01
6.350866878443635066e-01 6.472342327275319995e-01 6.374005397611974821e-01 6.300056198831514020e-01 6.359636640497300375e-01 6.354521288589195516e-01 6.296389236388226784e-01 6.245447642610899575e-01 6.118069490146534894e-01 6.166587164559091949e-01
6.446939827482329743e-01 6.514464379601430100e-01 6.427674163749907965e-01 6.354627082652162251e-01 6.349960688146971677e-01 6.404817264243363173e-01 6.502513537140517386e-01 6.458837217432900069e-01 6.148032926656028518e-01 6.292756709506246438e-01
6.565347464094757335e-01 6.510601655735731574e-01 6.449446749827836278e-01 6.491724223491613932e-01 6.424056880741551012e-01 6.412577363141082065e-01 6.491929600724122285e-01 6.605715414581587730e-01 6.464253175721270672e-01 6.435091352282482635e-01
6.561212319663547454e-01 6.688022020940498358e-01 6.462992218314356219e-01 6.524739042023209867e-01 6.538883283437035843e-01 6.453318825713522111e-01 6.547556147833879514e-01 6.596985739355289979e-01 6.467410665886623722e-01 6.446781952068544319e-01
6.589903977398534618e-01 6.678584933085055519e-01 6.624739466671448751e-01 6.528332507710561394e-01 6.528387977740738313e-01 6.443847970651688239e-01 6.587817129201293254e-01 6.716106976791382799e-01 6.572227344479621980e-01 6.436420071949842114e-01
6.666097545159844762e-01 6.673054256523804906e-01 6.617302673173264260e-01 6.575734533983568220e-01 6.682535381880909675e-01 6.546998196152350458e-01 6.675036506632201494e-01 6.711990793467819127e-01 6.674616270832203213e-01 6.455148922492408570e-01
6.701929378452474717e-01 6.717730533505041901e-01 6.609107965698022280e-01 6.570937723961792765e-01 6.674757165889655397e-01 6.740136337936757371e-01 6.743240163172189439e-01 6.726043933188734503e-01 6.740646811843762354e-01 6.571897100327717123e-01
6.693775686315492912e-01 6.714201199972126277e-01 6.608775834324522869e-01 6.575482720902795508e-01 6.751072809455929136e-01 6.813569606701262993e-01 6.827592387920723427e-01 6.768965561417570331e-01 6.735955136520158648e-01 6.633316361428059915e-01
6.717142392317138055e-01 6.737074250486535520e-01 6.598591847575647762e-01 6.686468461048504786e-01 6.786635130680360728e-01 6.890495912673043621e-01 6.822736132111512086e-01 6.780109913964003088e-01 6.725852277271289203e-01 6.645934953045049554e-01
6.792950276806470900e-01 6.820983906854766188e-01 6.588359009699802371e-01 6.686522562155419180e-01 6.783438274149817815e-01 6.926450770032918092e-01 6.818559272798464521e-01 6.770126974953929455e-01 6.805587279036136028e-01 6.658622269728327048e-01
6.885180562359141110e-01 6.960825836660918808e-01 6.588739663133360569e-01 6.686052965926964076e-01 6.776234643314061890e-01 6.921045468830426817e-01 6.855765736977756930e-01 6.791106617717641569e-01 6.892673229520965839e-01 6.648258272376816880e-01
6.877731736358188019e-01 6.957469037365846543e-01 6.647078645894702875e-01 6.675760427180228440e-01 6.778737218056820613e-01 6.964793753722775538e-01 6.848518387300432941e-01 6.794094867159061746e-01 6.897133643703892147e-01 6.650149648807591740e-01
6.906999298621623318e-01 6.947931833755647268e-01 6.653924203561085715e-01 6.785289004687413694e-01 6.837200236948560716e-01 6.978715348999127155e-01 6.866566009609017529e-01 6.785338317333688973e-01 6.897693257885675333e-01 6.639771908988059135e-01
6.897445297830538946e-01 6.938829642516037843e-01 6.847803522163954382e-01 6.871664036816372834e-01 6.890008990394999033e-01 6.969398321942308350e-01 6.879592829741811855e-01 6.858616815559797075e-01 6.887983977443182804e-01 6.629406230648462461e-01
6.986040224803895526e-01 7.019644651033217775e-01 6.883179197091421342e-01 6.861832071327533811e-01 6.905361110965648752e-01 6.970055756185886686e-01 6.883837330424186218e-01 6.918523946044612405e-01 6.911662515155240216e-01 6.687791409626056005e-01
6.976553541175627426e-01 7.010439265541914544e-01 6.874046422526387534e-01 6.908381778254846228e-01 6.903133586929292020e-01 6.973945871870461666e-01 6.875711229097360988e-01 6.909114606570481154e-01 7.043135822419858139e-01 6.792078790215527739e-01
7.071057559095541567e-01 7.003053488351473899e-01 6.894540932471006078e-01 6.954324285226440860e-01 7.046315739221803431e-01 6.965827635655772454e-01 6.876840012742710950e-01 6.926165789925124994e-01 7.035417668919761169e-01 6.785143130181863214e-01
7.064024490710854032e-01 7.022594163846080928e-01 6.957662209321715530e-01 6.969018363881119837e-01 7.047877994228737286e-01 7.013826065512254182e-01 6.887311803430065105e-01 6.965809136031639870e-01 7.026440288216693197e-01 6.776510449740680286e-01
7.056247029867752651e-01 7.058758244568675844e-01 6.951730260766872949e-01 6.964376035786741248e-01 7.046061116108000011e-01 7.005450652423690361e-01 6.881280767752512295e-01 6.956649032504371721e-01 7.017037974199153982e-01 6.768486180881552183e-01
7.052315645334317207e-01 7.059617528603661096e-01 6.953665089251181985e-01 6.970542593931698949e-01 7.062646585230234475e-01 7.036102691123441444e-01 6.896388656712321152e-01 6.947016530876678475e-01 7.032588362378646707e-01 6.827582713722544216e-01
7.049531405228912639e-01 7.051853581118461278e-01 6.944685926439353452e-01 7.035495185054205791e-01 7.054306240130723271e-01 7.072927407292965984e-01 6.895159157228848423e-01 6.937969737608280507e-01 7.025722523997761648e-01 6.842045482220424635e-01
7.061101754057002022e-01 7.080862235195688470e-01 6.989890978256714238e-01 7.026378511180171316e-01 7.048963785289930062e-01 7.075112323115585466e-01 6.900149679517428858e-01 6.934264045554453526e-01 7.079333206064505335e-01 6.831896986735090938e-01
7.172848064680471536e-01 7.130543768973185426e-01 7.000929865399287966e-01 7.070495346117016133e-01 7.069129106559894904e-01 7.066052566100028409e-01 6.985608334997399638e-01 6.949816931735148806e-01 7.069932331692683203e-01 6.861266304521653758e-01
7.175766482289728243e-01 7.127024633560752331e-01 7.000253756209768863e-01 7.086373513056598572e-01 7.068620037505584097e-01 7.062549081839493148e-01 6.975916936491908249e-01 6.940321756785664542e-01 7.119346888784783278e-01 6.953461261752983402e-01
7.176100781969578790e-01 7.203037997529022629e-01 7.027649712940888804e-01 7.090288630696901517e-01 7.060789002376581802e-01 7.101460206362786298e-01 6.967113360811514333e-01 6.977067957749156779e-01 7.115542288785038361e-01 6.944706672799352276e-01
7.211421511915068194e-01 7.204668212966636176e-01 7.033146111532417866e-01 7.094957210059069652e-01 7.075605072873667467e-01 7.107631170815454924e-01 6.958556104792891217e-01 6.968139904321044575e-01 7.141558517215131907e-01 6.942321408244440661e-01
7.210659486354003000e-01 7.220463908025671618e-01 7.055969814642135685e-01 7.150564990110407360e-01 7.078635282485599145e-01 7.128888286517227613e-01 6.969458592964989929e-01 7.016308622378887305e-01 7.137706363778917318e-01 6.961490410373586402e-01
7.201502816568883247e-01 7.211443843960524402e-01 7.067204784624000480e-01 7.150579452792037438e-01 7.072153904462676888e-01 7.120664788108505006e-01 6.960709743975721508e-01 7.012815157393249565e-01 7.128925615243124625e-01 6.957716757842054012e-01
7.193409182235428467e-01 7.205074579418376812e-01 7.058015929926336751e-01 7.145405301739222725e-01 7.067487073130052089e-01 7.181718547928470642e-01 6.982516337842825660e-01 7.003888820916708280e-01 7.174685897757654418e-01 6.953295140331419155e-01
7.184695472759312640e-01 7.197580333563066146e-01 7.109593355787662272e-01 7.136064344960196815e-01 7.071730580793704757e-01 7.184747912814162252e-01 6.983376102401378516e-01 6.997101459341428242e-01 7.190181626561615857e-01 7.005526951391838342e-01
7.191492898290432478e-01 7.207400294708214972e-01 7.101957247445431776e-01 7.128228840457653259e-01 7.076064943480775415e-01 7.175420086481943960e-01 6.973559368644521861e-01 7.019985926647083208e-01 7.196034102771069474e-01 7.017130587862345781e-01
7.192944163843119076e-01 7.201622408945274056e-01 7.100827902668997993e-01 7.122610239209701266e-01 7.130027331708463922e-01 7.166126957979581658e-01 6.968644630566229736e-01 7.028645281662894151e-01 7.187320452549241789e-01 7.011323019586770400e-01
7.186789976183294293e-01 7.203481037395409459e-01 7.133543673535571727e-01 7.118161134901175302e-01 7.213969071251029597e-01 7.173092040023361093e-01 6.959677293104625795e-01 7.019084779117299444e-01 7.202568993154291332e-01 7.114712097532018831e-01
7.177350265811441865e-01 7.195285317907608169e-01 7.125303741164819016e-01 7.177085283581341457e-01 7.204723611665222460e-01 7.181366587214045305e-01 6.955836643669026653e-01 7.016584609151290675e-01 7.246860266982815268e-01 7.109238178714980538e-01
7.167890918042461035e-01 7.186030061168078298e-01 7.117668597028250499e-01 7.201493130246661156e-01 7.210710794577286364e-01 7.191891937756187403e-01 6.994884769384084322e-01 7.017028035585528567e-01 7.272105649384181802e-01 7.104741446724904819e-01
7.185028168653038172e-01 7.195500035278578066e-01 7.107956420619578886e-01 7.233210688332405436e-01 7.202629881059559036e-01 7.201168920476959112e-01 6.985445998842463311e-01 7.009402890327984803e-01 7.262946696498806531e-01 7.182691570643437995e-01
7.178548136369415911e-01 7.193410027757590752e-01 7.105629832628970188e-01 7.231172977140492009e-01 7.194659576692430392e-01 7.191744220779281438e-01 7.000037614508767270e-01 7.032315923745137143e-01 7.265083687022920733e-01 7.195824873309618619e-01
7.169591699989694700e-01 7.183878321738728090e-01 7.137194301845120048e-01 7.233323458606382150e-01 7.195741417201686474e-01 7.182796728393394670e-01 6.991410132826095802e-01 7.034886840466302305e-01 7.315097181148776384e-01 7.189646615574070143e-01
7.165304748762457709e-01 7.251202878958968867e-01 7.127543075483228074e-01 7.239346622371232165e-01 7.233764649697747018e-01 7.173201981009289518e-01 7.015110062285805359e-01 7.097565833225703003e-01 7.326539850287536737e-01 7.190012481909624498e-01
7.159172944548137796e-01 7.242146010003336354e-01 7.117786750827957976e-01 7.252774863775190983e-01 7.232908647887337228e-01 7.166540621164487757e-01 7.012733370049848425e-01 7.098696644491695462e-01 7.349213976558373052e-01 7.184028455790556489e-01
7.177475983893728539e-01 7.239561086734762618e-01 7.115594405575844661e-01 7.243442792614485093e-01 7.226818832311130425e-01 7.182259826796075775e-01 7.095203604486985949e-01 7.098683883307910225e-01 7.383037089577535461e-01 7.208348169487575063e-01
7.294438194892043370e-01 7.253776636938251698e-01 7.108059514095385056e-01 7.244008519107720812e-01 7.220793734775872164e-01 7.178932361026006959e-01 7.150914668894490234e-01 7.152030833966604995e-01 7.391562177289067170e-01 7.203493473884059473e-01
7.285078000790439212e-01 7.372025935817867470e-01 7.179250420562224289e-01 7.235918131439945666e-01 7.214158963868615437e-01 7.169339660373885703e-01 7.147076954692972439e-01 7.142739932241458645e-01 7.386777076347530446e-01 7.228486768678226149e-01
7.276243030356704944e-01 7.380767049394355572e-01 7.182490482630434769e-01 7.236698060503934382e-01 7.204625703204224907e-01 7.251700554891651329e-01 7.165307893056345190e-01 7.134446308471882325e-01 7.431746740585656319e-01 7.226068343013213324e-01
7.312518042503959315e-01 7.371965983221753227e-01 7.176986126106033037e-01 7.231977073605587725e-01 7.206458842012214427e-01 7.246815445294318980e-01 7.162803680660647654e-01 7.132071480860201484e-01 7.423216614018941506e-01 7.222601011887244127e-01
7.309747435299143170e-01 7.398599545981492387e-01 7.174136684398860764e-01 7.285455470745736406e-01 7.228616974009802743e-01 7.262120622195908926e-01 7.171517248313621362e-01 7.128527674839961747e-01 7.417059978407620768e-01 7.227156415923476906e-01
7.330308441636028682e-01 7.432123158650099093e-01 7.242664346364591221e-01 7.276431385720252276e-01 7.219555456348194511e-01 7.295407159278239906e-01 7.171052826178205830e-01 7.118556059666723002e-01 7.421310790964928961e-01 7.238625626889731990e-01
7.321080477924810648e-01 7.451416395007597337e-01 7.271570873449153538e-01 7.266980115754468894e-01 7.210470907980172095e-01 7.287918542605662520e-01 7.211215619545786604e-01 7.134682876607825186e-01 7.451298358666871291e-01 7.244363020758973759e-01
7.313451109819224527e-01 7.442432514273098487e-01 7.383709836263114834e-01 7.258333591568931764e-01 7.235743221432081596e-01 7.333554011285947638e-01 7.203462393973276701e-01 7.210066165969513108e-01 7.469355948426770198e-01 7.235879030424318126e-01
7.313873369233896415e-01 7.450290824040661786e-01 7.374636761166220023e-01 7.318527522971646215e-01 7.231242343094375080e-01 7.324800555107959799e-01 7.201709184801368124e-01 7.250272696977119180e-01 7.471750387934710247e-01 7.239370923794465895e-01
7.454823773986077873e-01 7.446951564465491558e-01 7.375210901550406373e-01 7.310193201180917866e-01 7.270741573796779544e-01 7.319807597089830198e-01 7.191977350590200713e-01 7.280379241384703493e-01 7.518567691342661341e-01 7.237202208546509308e-01
7.466097310047190572e-01 7.445693382974349905e-01 7.366072921142883256e-01 7.300586825809149971e-01 7.261414613193448719e-01 7.328931636095804558e-01 7.214670537857457155e-01 7.282034631813067982e-01 7.527747447827285443e-01 7.250832964154625415e-01
7.476561442604486851e-01 7.444222728194889172e-01 7.359720776111071672e-01 7.316524975055259672e-01 7.252116447758599760e-01 7.320673611540722270e-01 7.216411086377690909e-01 7.279374823509914272e-01 7.527040871423289481e-01 7.242165904890982553e-01
7.482320803746034255e-01 7.494905799410611635e-01 7.373970202675472763e-01 7.393246538286695202e-01 7.256984234806359568e-01 7.311067978386023292e-01 7.244160215750553578e-01 7.282341473507598639e-01 7.522267160868848501e-01 7.245361125477940423e-01
7.473381646427128544e-01 7.526682609466720519e-01 7.381692925439771180e-01 7.489800962034636189e-01 7.249522315538297068e-01 7.312674538194501306e-01 7.242375564453693570e-01 7.284023856552050979e-01 7.520871694946595909e-01 7.236627895683558354e-01
7.485567165750137697e-01 7.518921988613370688e-01 7.430086506700397386e-01 7.488399383990962388e-01 7.315336790560169611e-01 7.327742310471564435e-01 7.240355358533132613e-01 7.274916906278880990e-01 7.519957745503259572e-01 7.275887093535267081e-01
7.476428582777894238e-01 7.540451988177587772e-01 7.436718295924911182e-01 7.482983712431912071e-01 7.324753790919562579e-01 7.350256899274898448e-01 7.266455763060180040e-01 7.266207897857865916e-01 7.519163838178140047e-01 7.282647774760617754e-01
7.490783384915449261e-01 7.540241712166054766e-01 7.455740955801526404e-01 7.489000035343336137e-01 7.363753512988016059e-01 7.363622984429500917e-01 7.275971393579537816e-01 7.256790842304658984e-01 7.513248526551862261e-01 7.336459522936864541e-01
7.552176744009860831e-01 7.563422749214967489e-01 7.470367581867700668e-01 7.484719420841363657e-01 7.354921212655330942e-01 7.368620088101256460e-01 7.306643147956002338e-01 7.259023402857145424e-01 7.519882720509015739e-01 7.428498818908461088e-01
7.606654679830212595e-01 7.557917944230081453e-01 7.543068364036938922e-01 7.475559347324822745e-01 7.347970051108736467e-01 7.374655726180452398e-01 7.310176093415294840e-01 7.274845466063271093e-01 7.510766784594142820e-01 7.427450340294287079e-01
7.598610936408285443e-01 7.558189698734576467e-01 7.574426124642577030e-01 7.473139255605459885e-01 7.390856197638518976e-01 7.371424474435601670e-01 7.303210362194286764e-01 7.265802486679751038e-01 7.572951044710285462e-01 7.482663792411696768e-01
7.596833043728593582e-01 7.550033052859390637e-01 7.611605806500459925e-01 7.464682818083290261e-01 7.382914868473491321e-01 7.401829421134561438e-01 7.294986096655728947e-01 7.328897780550748253e-01 7.563968000805809666e-01 7.509598182916019660e-01
7.589204280613373044e-01 7.583800185646062397e-01 7.603727147384716778e-01 7.462916357957765090e-01 7.382884359594743540e-01 7.412164899559605669e-01 7.351514142646377037e-01 7.343120959078615062e-01 7.556395040378800498e-01 7.503076644631294645e-01
7.599368539566326852e-01 7.590363357118856680e-01 7.595218491602115929e-01 7.454148155740756287e-01 7.417140174220004933e-01 7.443024699228855123e-01 7.389967976610052336e-01 7.347095821156526263e-01 7.548876119684521102e-01 7.554255740565483102e-01
7.590801960136831505e-01 7.623810306547845750e-01 7.596817990384456820e-01 7.449994900914858054e-01 7.438460674227513891e-01 7.461466896329111975e-01 7.390476845698549235e-01 7.346901165250612209e-01 7.547973067563576999e-01 7.586536986346347211e-01
7.581806694528503421e-01 7.633946387104136866e-01 7.597166327528124263e-01 7.500509702140616408e-01 7.581144928950578343e-01 7.459579640835785064e-01 7.405657284990561084e-01 7.342690008227064080e-01 7.588845301500178886e-01 7.611738727321224474e-01
7.633208428236499810e-01 7.691695825419949673e-01 7.590768523406478119e-01 7.498411110611007402e-01 7.573923041355966612e-01 7.480849295755291894e-01 7.434428660100631525e-01 7.386853870003197153e-01 7.582480747364404028e-01 7.611355259426424436e-01
7.633911871975994634e-01 7.685668691413988229e-01 7.581848180003977200e-01 7.489827603773846487e-01 7.580961684184573945e-01 7.481466597097954363e-01 7.517637475883738318e-01 7.400743859149725434e-01 7.576552272356369411e-01 7.605512713455330198e-01
7.706863648600741357e-01 7.692575259624153672e-01 7.573179926459342459e-01 7.511712744551037879e-01 7.573616117337762521e-01 7.475147502278881584e-01 7.577626333831881666e-01 7.430877385179619488e-01 7.629731077578736365e-01 7.648080194348469973e-01
7.698121803958003495e-01 7.694946862619955752e-01 7.584662015947392089e-01 7.504786111069293719e-01 7.564600550673797885e-01 7.508486689529446645e-01 7.571060494441982369e-01 7.425803308512748391e-01 7.623333496494205663e-01 7.641126951514761734e-01
7.762828838593890390e-01 7.710031333828766265e-01 7.577935811567020341e-01 7.496526392441636988e-01 7.694256229896692112e-01 7.519013383061455835e-01 7.568494337863562738e-01 7.427050378202645353e-01 7.614228277113521681e-01 7.634516935520978542e-01
7.763856099781301090e-01 7.703994835487358861e-01 7.609792118231861746e-01 7.521777456972714715e-01 7.714647641938550127e-01 7.578343902522824971e-01 7.590406676623550064e-01 7.443508519170850546e-01 7.605390368095111819e-01 7.627410526438206384e-01
7.771811252667574221e-01 7.699503484328046321e-01 7.634325015195470021e-01 7.554582144186190451e-01 7.713765014064701830e-01 7.578600311189220839e-01 7.581419498945065616e-01 7.438059717237448520e-01 7.631881117456034147e-01 7.618981205467567630e-01
