1.830572134986038768e-03
1.051339570982331717e-01
1.796138995348484368e-01
1.839839667485622388e-01
1.841303420231830412e-01
1.884842684355342857e-01
1.894335456388947514e-01
1.913675045911693573e-01
1.932990453723743562e-01
2.023007302465349988e-01
2.023282097762113818e-01
2.287900777404271446e-01
2.312186959446999590e-01
2.312481772460478757e-01
2.335513683581857680e-01
2.390313238987728794e-01
2.499133934934756884e-01
2.502053485748829686e-01
2.503616426704041165e-01
2.521200691883265232e-01
2.609498988368207373e-01
2.637389761932855681e-01
2.648006960795800668e-01
2.656105461600288264e-01
2.745026877048724057e-01
2.757237060666222206e-01
2.773120279853626413e-01
2.774233297996022141e-01
2.779879226220219879e-01
3.076733596899864365e-01
3.102904767231337013e-01
3.142320509871844858e-01
3.574038002618283860e-01
3.643536610956235045e-01
3.891362727067213534e-01
3.892853815442136600e-01
3.942017403060039671e-01
3.942668734213517490e-01
3.985674047542249188e-01
3.986211706522829745e-01
4.045435439205445904e-01
4.045598476812164446e-01
4.187495219340429120e-01
4.195511723084234257e-01
4.201380046472057983e-01
4.347074383669098374e-01
4.390660537456855805e-01
4.397824550008812006e-01
4.424494145619186636e-01
4.565186154435497690e-01
4.661897877932665857e-01
4.673547335317055351e-01
4.685105755166185104e-01
4.707170020449861214e-01
4.720570612249894715e-01
4.759573855842577084e-01
4.760598991451026052e-01
4.773757431185295941e-01
4.787822742593040304e-01
4.953034015885220409e-01
4.993807100802795107e-01
5.065421519757704605e-01
5.081645381989796650e-01
5.117864804433298609e-01
5.182885584311495153e-01
5.184245814484014225e-01
5.189301710560220160e-01
5.275560758966043595e-01
5.384386337944180312e-01
5.429253154018931493e-01
5.483637264662981625e-01
5.486572404712829476e-01
5.505027443829368927e-01
5.511542652957613919e-01
5.531515269871287721e-01
5.586306695084293228e-01
5.592995194636742884e-01
5.879986791411959679e-01
5.881913987007792999e-01
5.883084724651492792e-01
5.948543722012473722e-01
5.973994061347602802e-01
5.984932456695731817e-01
6.024960147115996367e-01
6.158973983457473045e-01
6.261303798567212642e-01
6.465915932902724927e-01
6.509635034645296914e-01
6.526011437193276477e-01
6.575102299179375054e-01
6.798251255326827058e-01
7.067975760890453651e-01
7.403614379877409002e-01
8.586363357523399964e-01
8.659272742257749789e-01
8.662108454631439747e-01
8.981250724830320831e-01
8.987172499505906575e-01
9.018645238976074063e-01
9.040642246013108618e-01
