2.413830771470477643e-01 2.480470041589154517e-01 2.442231387104543683e-01 2.442703036786593729e-01 2.462299954409165326e-01 2.526082903096959487e-01 2.637837151438950367e-01 2.768080710442035186e-01 2.873699810659865461e-01 3.032307537077453263e-01
3.016924357998569950e-01 3.088313338946476749e-01 3.628126404939919780e-01 4.381324078950288303e-01 4.100310604007472715e-01 2.552585417729191231e-01 2.638983216306937107e-01 2.768192350622787901e-01 2.881458225754930380e-01 3.102244930198637674e-01
4.964686095493581197e-01 5.031156708251687260e-01 5.064246939821179794e-01 5.104572195397408807e-01 5.083586021216448536e-01 4.993660870448330402e-01 4.967622517450494546e-01 4.775414771589409635e-01 4.427494639468766424e-01 4.026523805542560064e-01
4.996457633190266034e-01 5.031173455214463797e-01 5.080663816207573458e-01 5.136326616017138358e-01 5.101841884014667317e-01 4.993667332379058132e-01 4.971328285989703444e-01 4.791678412230251372e-01 4.461510236696943910e-01 4.089716858763565721e-01
5.024749237402106328e-01 5.038737085752634792e-01 5.083850423819036290e-01 5.137602394878854062e-01 5.102301122038419567e-01 5.017533547722907716e-01 5.036781703876617167e-01 4.910385290947831827e-01 4.490012627707649639e-01 4.089737793973292068e-01
5.786061356626233110e-01 5.917296391540390887e-01 5.954510122592058252e-01 6.009541033419600886e-01 5.975709904941504114e-01 5.841084556254155791e-01 5.712814221851882923e-01 5.540637119094615759e-01 4.553331572811605277e-01 4.110389434519411411e-01
5.997949863176824659e-01 5.992708931416497187e-01 6.000718874106426570e-01 6.096499521736890026e-01 6.191641642188011607e-01 6.301653423774107310e-01 6.258588445087260865e-01 6.267426612125180929e-01 6.126639198465833047e-01 4.819228422389557620e-01
6.026077032899885833e-01 6.046918970718296871e-01 6.064271063790785954e-01 6.174680562171699361e-01 6.235251307939575494e-01 6.325325585081316149e-01 6.345734357471879417e-01 6.293900755301340411e-01 6.236018383963508604e-01 5.804113506901413810e-01
6.744845722411325628e-01 6.540865344958655125e-01 6.341220638896122308e-01 6.328797022611700740e-01 6.302994422026374499e-01 6.336041670586503027e-01 6.349190414305673213e-01 6.595310111145735732e-01 6.486695549425418594e-01 6.107358192992968782e-01
6.851391541954644504e-01 6.943313054762538794e-01 7.014139884293382199e-01 7.077131901150232052e-01 7.082889810045812640e-01 7.093199822092911555e-01 7.130148085377998601e-01 7.105313825725417809e-01 7.016939481372725940e-01 6.771434434939751501e-01
7.158400510104696579e-01 7.265345831351245343e-01 7.328428453625928096e-01 7.359472598059091375e-01 7.320172928941064416e-01 7.270917748670052694e-01 7.222937003580726101e-01 7.109575447921845370e-01 7.026658303929704807e-01 6.847557005889518544e-01
7.158405689469422573e-01 7.266283331263274636e-01 7.357566402729975863e-01 7.440144618110309249e-01 7.369529963588141719e-01 7.284913626411172460e-01 7.222954230316607216e-01 7.143664842249226599e-01 7.198249562523879597e-01 6.971720481460037533e-01
7.158421502094377553e-01 7.268939936427731840e-01 7.380754759018256506e-01 7.477001890992539535e-01 7.429724780561630659e-01 7.374078331901829930e-01 7.286530578226954047e-01 7.161448505966452327e-01 7.198433500260572604e-01 7.093487674582246161e-01
7.194113420783880830e-01 7.297308014777811325e-01 7.395447251115490062e-01 7.478749384240102049e-01 7.476429771374505373e-01 7.519240879539770273e-01 7.551471784105213692e-01 7.586886280768421198e-01 7.549816317295606760e-01 7.205213545569921774e-01
7.449439035807671194e-01 7.569321924370786547e-01 7.447628370839610712e-01 7.485879590072344048e-01 7.623900403704453321e-01 7.550196687214123514e-01 7.558873241259751463e-01 7.601036135981422692e-01 7.593173436181784863e-01 7.593963191856858419e-01
7.481070622585133112e-01 7.613396960063607555e-01 7.681283358872489364e-01 7.689512324639977692e-01 7.705974090038520963e-01 7.696341528963882572e-01 7.602699442700591170e-01 7.604289084160891221e-01 7.678603060739015440e-01 7.697615015874916811e-01
7.665877709179061972e-01 7.719086150799783219e-01 7.692299274591338776e-01 7.689560519576887909e-01 7.705974291573489676e-01 7.697054870633821544e-01 7.661148533448813858e-01 7.677340761638564715e-01 7.742043110536483974e-01 7.706350708601436006e-01
7.712193275897051281e-01 7.737615312428320902e-01 7.719925009234935853e-01 7.742494346134878302e-01 7.752287205971992723e-01 7.704002862788803530e-01 7.684413242231258323e-01 7.681769370898113847e-01 7.750089234507577807e-01 7.766551489833518618e-01
7.713878250571630790e-01 7.738154388178044574e-01 7.721374863354265594e-01 7.749472940870234527e-01 7.792309741237953835e-01 7.745062277476113533e-01 7.690824921132514147e-01 7.706523783436280972e-01 7.767270096310179284e-01 7.826428616599371280e-01
7.751536008199462202e-01 7.780354933116107041e-01 7.762058626401973083e-01 7.779193663779594425e-01 7.801670794151409627e-01 7.758984182221995152e-01 7.691471550279724845e-01 7.728031928609970791e-01 7.785727848977241905e-01 7.841161036348007762e-01
7.779696256177539571e-01 7.783517718212742409e-01 7.762605331070462356e-01 7.784600230319900227e-01 7.839365097456385545e-01 7.759095881236379721e-01 7.706837491690372577e-01 7.732883016196115955e-01 7.823702076937091299e-01 7.842566659970828802e-01
7.808831608446007433e-01 7.876652973391902179e-01 7.905679771415634605e-01 7.909307304941926020e-01 7.907806966701804718e-01 7.855109717287971360e-01 7.816818067036681583e-01 7.882731111785370448e-01 7.918032233303606837e-01 7.881141740292100240e-01
7.866011036608310247e-01 7.903943990748445447e-01 7.911589931508268281e-01 7.911619755279595267e-01 7.912054745382773868e-01 7.858437804786106984e-01 7.858174230416821171e-01 7.920466207188370245e-01 7.951591777351987300e-01 7.885115364356010126e-01
7.933828181345454755e-01 7.967378072346378293e-01 7.941048341263822197e-01 7.911913205986584874e-01 7.935848835907461929e-01 7.861957176859543095e-01 7.866364471090594446e-01 7.964212841528067743e-01 7.952437358876799367e-01 7.943931954408913754e-01
7.969851155736397130e-01 7.972850400865130194e-01 7.944364496842319934e-01 7.913809456631545336e-01 7.938518997235100016e-01 7.873512146312339199e-01 7.925355081034897164e-01 7.979886161648432896e-01 7.979648396999141635e-01 7.960468604906878465e-01
8.015751519924136925e-01 7.983030034684613918e-01 7.974169687313608090e-01 7.939508224640207112e-01 7.960260228870651433e-01 7.878858512861455221e-01 7.940301467859636197e-01 8.041635281377856881e-01 7.993214067548458646e-01 7.979743582284022363e-01
8.017164249507714446e-01 8.110915195585681747e-01 8.001812882750002354e-01 7.963845902335443538e-01 8.131035754134267046e-01 8.070098877825433448e-01 8.032952546381125769e-01 8.057710460107436745e-01 8.012827910836837209e-01 8.037641360173364280e-01
8.145844911666683119e-01 8.214304579852670374e-01 8.158929326860973053e-01 8.117038377895209322e-01 8.150806525714304751e-01 8.147912811883566420e-01 8.114955479249961190e-01 8.085964265170246801e-01 8.013013442869847403e-01 8.040878067514215521e-01
8.206068382773954450e-01 8.243801157740868746e-01 8.195270859335170854e-01 8.154201434739440923e-01 8.151570805932835118e-01 8.182442132608731544e-01 8.237135605757781587e-01 8.212729235600919608e-01 8.036911479073591824e-01 8.119253423794992042e-01
8.277901776331018091e-01 8.247541956326529533e-01 8.213495214613782958e-01 8.237047347924051355e-01 8.199318393038349528e-01 8.192900575867874124e-01 8.237161596074187297e-01 8.300217085118501981e-01 8.221751324478755452e-01 8.205482668251001810e-01
8.281397821889198152e-01 8.351056548952457970e-01 8.227038524644932904e-01 8.261253666291774600e-01 8.269071342212509501e-01 8.221665404819342715e-01 8.273861275342218047e-01 8.301107961268716640e-01 8.229491599677292157e-01 8.218032486336119824e-01
8.302931993140187927e-01 8.351433538510397714e-01 8.322017991024801553e-01 8.269089891451584240e-01 8.269120442294360940e-01 8.222427185050462661e-01 8.301787237937282571e-01 8.371870564717867058e-01 8.293230352745554201e-01 8.218311918796985527e-01
8.350183557974598658e-01 8.353965394763219754e-01 8.323609190546454872e-01 8.300903494938017824e-01 8.359116809202600251e-01 8.285170515567203964e-01 8.355042680557069890e-01 8.375100712271027481e-01 8.354814308236049314e-01 8.234681987173234630e-01
8.375130727782034157e-01 8.383666344490459110e-01 8.324812877102425457e-01 8.304032581286920900e-01 8.360432208366992413e-01 8.395754846239026348e-01 8.397428066650358680e-01 8.388153667991349316e-01 8.396030057118306633e-01 8.304555513280753587e-01
8.376222020131471879e-01 8.387218669718585762e-01 8.330304060903604979e-01 8.312249579988203463e-01 8.407033118581617170e-01 8.440512058175853038e-01 8.448005704379843994e-01 8.416631700947554418e-01 8.398914680238160901e-01 8.343587101071509027e-01
8.394249578194282746e-01 8.404924579319150713e-01 8.330474254368722686e-01 8.377794819778214830e-01 8.431409553164674886e-01 8.486643905887136796e-01 8.450649413280869604e-01 8.427927282484137805e-01 8.398916042209512156e-01 8.356001279139388949e-01
8.440072193930898692e-01 8.454954898758144655e-01 8.330652198237769035e-01 8.383330497077665644e-01 8.435016423752597081e-01 8.510712809949755320e-01 8.453668725821712471e-01 8.427936179357277124e-01 8.446784266964326715e-01 8.368391869110849424e-01
8.494046678925679661e-01 8.533768893050965865e-01 8.336558129391892225e-01 8.388583238441433831e-01 8.436509265888409992e-01 8.512902865347089509e-01 8.478550359567225136e-01 8.444386680789183197e-01 8.497989450364258346e-01 8.368416059085816983e-01
8.495245525338468440e-01 8.536975275305177524e-01 8.373364666658447142e-01 8.388616999996907353e-01 8.443150723766515986e-01 8.540798370292188579e-01 8.479905600620540884e-01 8.451253566080394464e-01 8.505418174803622833e-01 8.374999085550074440e-01
8.515646383100574646e-01 8.536975541248067456e-01 8.382568830209683464e-01 8.451907520674264429e-01 8.479151682069223650e-01 8.552981197393849655e-01 8.494524792493471921e-01 8.451933442712400435e-01 8.510789726122425236e-01 8.375064526367128614e-01
8.515736056083661465e-01 8.537232605828395382e-01 8.489878489716038423e-01 8.502316845820907520e-01 8.511867610655499128e-01 8.553076408818517384e-01 8.506446056290281055e-01 8.495517656999507228e-01 8.510813872990904416e-01 8.375170860679613805e-01
8.566591114444793709e-01 8.583892660900342975e-01 8.513413642702574169e-01 8.502335852421781803e-01 8.524909383970338261e-01 8.558349088956235251e-01 8.513754942684210736e-01 8.531723679222809054e-01 8.528172250281965683e-01 8.411475575709940200e-01
8.566617399954341572e-01 8.584008595230279148e-01 8.513791317912813295e-01 8.531522153092352401e-01 8.528814364840333617e-01 8.565277600659115809e-01 8.514651878536639851e-01 8.531900185241665380e-01 8.600756136812699459e-01 8.471313049519280103e-01
8.619765992718290137e-01 8.585084313469451001e-01 8.529451506444604147e-01 8.560146286865895071e-01 8.607163981622647508e-01 8.566039875166386874e-01 8.520342042668564986e-01 8.545702505023031748e-01 8.601607295727278224e-01 8.472995093223243401e-01
8.620930173111920336e-01 8.599887554242644505e-01 8.566804388435746986e-01 8.572599619787957259e-01 8.612735420634065608e-01 8.595427599298759436e-01 8.530815689653409306e-01 8.570962295547528420e-01 8.601843182833690538e-01 8.473823828982989248e-01
8.621740545711498171e-01 8.623010174651581927e-01 8.568731735494786728e-01 8.575162844229182735e-01 8.616588796538315886e-01 8.596018470397526201e-01 8.532815371851103503e-01 8.571233789122529867e-01 8.601892785689646548e-01 8.474993816179904327e-01
8.624514004868659711e-01 8.628192225735555887e-01 8.574665521053806971e-01 8.583214313254770023e-01 8.629717610281271156e-01 8.616341343706603872e-01 8.545590110186420674e-01 8.571295552888885672e-01 8.614568810776470631e-01 8.510530600693027026e-01
8.627875189134406320e-01 8.629040918841934804e-01 8.575077775819575088e-01 8.620825666290639067e-01 8.630271979951100736e-01 8.639612765470063849e-01 8.550024023648297167e-01 8.571684597297547503e-01 8.615914058799314379e-01 8.523073949784621961e-01
8.638421564392947394e-01 8.648292363542697814e-01 8.602756252072869536e-01 8.621049155216160553e-01 8.632352783598338242e-01 8.645421317317211196e-01 8.557598393755894151e-01 8.574792775656812083e-01 8.647528981720356001e-01 8.523093429763380913e-01
8.698621624210198799e-01 8.677666439545180799e-01 8.613145566942224107e-01 8.647834613841833828e-01 8.647154673844947848e-01 8.645623368161032829e-01 8.605486647026436842e-01 8.587568640225791139e-01 8.647554423463887918e-01 8.543076638004523105e-01
8.704585409202831858e-01 8.680531778276536770e-01 8.617657193975983843e-01 8.660419750294632291e-01 8.651621600060466211e-01 8.648610942306318439e-01 8.605534295651564580e-01 8.587772451861879208e-01 8.676736806456426532e-01 8.594333283362534104e-01
8.709267212449371964e-01 8.722481862382607254e-01 8.636078468011419984e-01 8.667035826473786786e-01 8.652470340938752669e-01 8.672545422455324449e-01 8.606054424138240844e-01 8.610998769354309967e-01 8.679485438865719438e-01 8.594914847799852708e-01
8.731039915864757806e-01 8.727742839607024461e-01 8.643581208264871085e-01 8.674004492466119709e-01 8.664490900855763567e-01 8.680229414111269026e-01 8.606724986191218729e-01 8.611469340268886885e-01 8.696871185645830282e-01 8.598682206030223707e-01
8.735116499515652722e-01 8.739883115852841167e-01 8.659563752651480151e-01 8.705843332684661817e-01 8.670675069473711138e-01 8.695260014737503651e-01 8.617021554428170305e-01 8.640086224528421566e-01 8.699566859119094442e-01 8.613092604325973678e-01
8.735125608357707794e-01 8.739942773350888316e-01 8.669785934401613714e-01 8.710407685722753035e-01 8.672202553544963166e-01 8.695854510678691085e-01 8.617621000244861662e-01 8.643183360486792477e-01 8.699875750775925010e-01 8.616150369934676423e-01
8.735677465772082595e-01 8.741311002246057171e-01 8.670024604977214500e-01 8.712456753751403049e-01 8.674633372934573705e-01 8.730028094449054921e-01 8.633197651016373264e-01 8.643638575275656155e-01 8.726627881309361179e-01 8.618901990316089057e-01
8.735956550146827260e-01 8.742158062921552286e-01 8.699721753703550942e-01 8.712510507106087099e-01 8.681396617228034351e-01 8.735981798586426317e-01 8.638482894062406992e-01 8.645163268033182469e-01 8.738597586441470000e-01 8.649261548204981720e-01
8.743703444603463382e-01 8.751326980488148832e-01 8.700669348760732280e-01 8.713318466014432495e-01 8.688184830806364722e-01 8.735993877397978391e-01 8.638582510943819681e-01 8.661083458957652415e-01 8.745880470660327699e-01 8.659701286842500512e-01
8.748869006337556264e-01 8.753012569630578277e-01 8.704765081252716641e-01 8.715214295485628204e-01 8.718769494062792447e-01 8.736052293611206165e-01 8.641084395560206799e-01 8.670048311847717848e-01 8.746182829563720063e-01 8.661696337934376988e-01
8.750408192434712129e-01 8.758347916263562460e-01 8.725031320449064820e-01 8.717686340692248903e-01 8.763333259296002264e-01 8.743886873653355929e-01 8.641648697924289024e-01 8.670229454922445678e-01 8.757914254423310174e-01 8.716038616760483082e-01
8.750408473094921646e-01 8.758911140428260467e-01 8.725687296627520073e-01 8.750282788119934096e-01 8.763382343094476834e-01 8.752313252501332519e-01 8.644703596616422070e-01 8.673820331962858177e-01 8.783315976445669193e-01 8.718042280519873177e-01
8.750429520152019913e-01 8.759000032226175181e-01 8.726656204106053583e-01 8.766299517670892438e-01 8.770647911687743381e-01 8.761767901243053824e-01 8.668260511352672282e-01 8.678820835931446709e-01 8.799555853990350673e-01 8.720526500290248784e-01
8.763002019794471353e-01 8.767927135411142103e-01 8.726668217342863354e-01 8.785640290455214441e-01 8.771278853397406206e-01 8.770592164781362277e-01 8.668599909533842851e-01 8.679985712247528795e-01 8.799582514412642720e-01 8.761902696072609853e-01
8.764437671316995804e-01 8.771401933074647328e-01 8.730187758027038170e-01 8.789072774188668724e-01 8.771987218000550923e-01 8.770621613404159245e-01 8.680351289183148022e-01 8.695616027174619678e-01 8.804910771586060836e-01 8.772533004208407093e-01
8.764736829677710617e-01 8.771408710609527315e-01 8.749588330534705527e-01 8.794460615419439353e-01 8.776944945764622030e-01 8.770903781922665399e-01 8.681094912924920415e-01 8.701577885115250321e-01 8.832452460646187387e-01 8.774101077652186609e-01
8.767238159258203822e-01 8.807129366318459107e-01 8.749644037513286676e-01 8.801634060040999241e-01 8.799045659763492511e-01 8.770913217851932231e-01 8.697047890665405845e-01 8.735651648572790862e-01 8.841967817086381354e-01 8.778731035004139205e-01
8.768896824953911207e-01 8.807294132824702304e-01 8.749681619741700445e-01 8.812200741037629070e-01 8.803027659055894238e-01 8.772313151778721174e-01 8.700715790447564046e-01 8.740804033871235612e-01 8.856595800230704363e-01 8.780416784878690706e-01
8.781858851255384124e-01 8.810465219742694698e-01 8.753253230520656736e-01 8.812250672346931823e-01 8.804601671319375322e-01 8.784066370102387999e-01 8.743806799737401381e-01 8.745419827987703787e-01 8.876220608231331077e-01 8.796095166383159913e-01
8.839937036603009446e-01 8.821339069125597732e-01 8.754365817462252952e-01 8.816865439092578249e-01 8.806224348298351545e-01 8.787003546637631723e-01 8.774115600313878716e-01 8.774629390629880010e-01 8.884202485300980445e-01 8.798285961564272784e-01
8.839937770342157775e-01 8.879439327470679544e-01 8.791619476721425075e-01 8.817525502569980578e-01 8.807587164428066773e-01 8.787080859057951887e-01 8.776877129266189570e-01 8.774887948427552153e-01 8.886123536501905340e-01 8.814132542867243458e-01
8.840206315958420991e-01 8.887506348074433182e-01 8.797564329610606526e-01 8.822244993477229569e-01 8.807650831078366327e-01 8.829063426970011896e-01 8.789726646381682551e-01 8.775631835833992422e-01 8.910484984235169659e-01 8.817410737346929039e-01
8.860875599192390428e-01 8.887652599185353886e-01 8.799523629472152386e-01 8.824468104615807995e-01 8.812901544865050507e-01 8.831186875945282733e-01 8.793078843778998621e-01 8.779097286426262858e-01 8.910672715982177472e-01 8.820220012559895073e-01
8.863853809670354522e-01 8.903693124635407852e-01 8.802701363893710163e-01 8.852930623836013924e-01 8.827319669673650004e-01 8.842425110623918227e-01 8.801515970045525883e-01 8.782038701837033834e-01 8.911948028084587525e-01 8.826660575030618183e-01
8.877278287926361200e-01 8.922687274325580287e-01 8.838002488484592023e-01 8.853155087988984207e-01 8.827617629349753248e-01 8.861658893213731902e-01 8.805781298367212351e-01 8.782085584565000325e-01 8.917875971904893895e-01 8.836188416324672890e-01
8.877355085117430988e-01 8.935239390062263976e-01 8.855267900172851814e-01 8.853217083428075451e-01 8.827933852071854215e-01 8.862566996261940222e-01 8.828267520193637807e-01 8.793910809457701205e-01 8.935187137846614114e-01 8.843106466327674831e-01
8.878170568784746752e-01 8.935248968975882944e-01 8.909307648527641232e-01 8.853667081581311216e-01 8.843604509186864249e-01 8.887090861957507304e-01 8.829205552160186432e-01 8.832153093789041343e-01 8.947117513143820755e-01 8.843665037660063399e-01
8.882570787320174244e-01 8.942686609675580822e-01 8.909397821656459548e-01 8.884628460571415420e-01 8.845958649127766416e-01 8.887401111172820167e-01 8.832836290745356145e-01 8.854404032307376937e-01 8.952106565548444417e-01 8.849566976344283020e-01
8.948639398749977936e-01 8.945195859154209117e-01 8.913753048389810862e-01 8.885160690069258127e-01 8.867766395336162955e-01 8.889394536789507750e-01 8.832936645959130750e-01 8.872018808533499445e-01 8.976474237076258467e-01 8.852951950283418636e-01
8.957509177406445255e-01 8.948621759759589622e-01 8.913856413122245304e-01 8.885160724075952254e-01 8.867951266060222215e-01 8.897592641940689218e-01 8.847371469022081714e-01 8.877014380689971507e-01 8.984308954645580103e-01 8.863296716785766804e-01
8.965984376256896926e-01 8.951958036023688337e-01 8.915202652973905906e-01 8.896355342809038058e-01 8.868178046487134036e-01 8.898167220163405444e-01 8.852519105616374340e-01 8.880113891336041121e-01 8.987835175702854063e-01 8.863816917513747118e-01
8.972389066211445829e-01 8.977818242565958062e-01 8.925509927996109205e-01 8.933868045984099115e-01 8.874616578913957499e-01 8.898181245092174896e-01 8.869019880935573585e-01 8.885672686885957017e-01 8.989610640233287597e-01 8.869544135536205909e-01
8.972453535847011441e-01 8.995342469913998329e-01 8.932942601372177993e-01 8.979510670396568806e-01 8.875677511750497128e-01 8.903085201350344757e-01 8.872570531539869521e-01 8.890661446397256640e-01 8.992849929071562443e-01 8.870070999116574928e-01
8.981591414574456866e-01 8.995855543516306785e-01 8.957814900702367744e-01 8.982803487514714469e-01 8.908436979653757692e-01 8.913788382836305146e-01 8.876023349459110090e-01 8.890978599084935485e-01 8.996298120997516801e-01 8.891398049273985249e-01
8.981593465375060648e-01 9.008854042713769772e-01 8.964643536870686713e-01 8.984388380183849776e-01 8.916679142039696249e-01 8.927627064032501725e-01 8.891602458796720176e-01 8.891495689500403810e-01 8.999798907532122749e-01 8.898574481403809244e-01
8.991600301059120559e-01 9.012566635397435411e-01 8.976715503041857724e-01 8.990843391679491647e-01 8.937524509670842221e-01 8.937468776241201951e-01 8.899964260578600017e-01 8.891736157148498743e-01 9.001129759291282006e-01 8.925862877827551722e-01
9.021398657402590615e-01 9.026137241191037885e-01 8.986852591114735667e-01 8.992922630282841334e-01 8.937875170542687320e-01 8.943700859883250143e-01 8.917313726993484346e-01 8.896986108229452128e-01 9.007777485505695791e-01 8.969120932076140029e-01
9.048015022488717918e-01 9.027586444602977434e-01 9.021352873082273405e-01 8.992959397874559224e-01 8.939050590351773629e-01 8.950352629210581723e-01 8.923019426956487754e-01 8.908007050042064945e-01 9.007778386476745780e-01 8.972670502628955491e-01
9.048343642214002891e-01 9.031466823857994264e-01 9.038249700798661745e-01 8.995852864182103392e-01 8.961263014033584717e-01 8.953074871451567329e-01 8.924271321040737615e-01 8.908436228739030627e-01 9.037633686396251420e-01 8.999848169167410372e-01
9.051300591084094904e-01 9.031836177818640676e-01 9.057435991169133782e-01 8.996230038145625052e-01 8.961985663517183509e-01 8.969918691318621295e-01 8.925014526172874163e-01 8.939291380359641881e-01 9.037636193863648471e-01 9.014985217888910052e-01
9.051840717535115655e-01 9.049603709353526426e-01 9.057849675405417189e-01 8.999418892243427059e-01 8.966039133097687408e-01 8.978265861651346658e-01 8.952921286634669684e-01 8.949408312076923000e-01 9.038250912121806868e-01 9.016122386058480487e-01
9.059737937332479341e-01 9.056027063547580358e-01 9.058027966046863222e-01 8.999708608310560409e-01 8.984346595709525873e-01 8.995094019388655271e-01 8.973050672815897633e-01 8.955199047150947944e-01 9.038911241772545901e-01 9.041132466707062498e-01
9.059912196436883391e-01 9.073450437237162713e-01 9.062381154241606618e-01 9.001932071391460788e-01 8.997166065767978615e-01 9.006669861087723827e-01 8.977311727017908138e-01 8.959243232942003532e-01 9.042315885596770020e-01 9.058161458435614044e-01
9.059937495932914864e-01 9.081233118766043333e-01 9.066216089509706588e-01 9.026632802040875925e-01 9.059666886675072917e-01 9.009818513752702041e-01 8.987618902258931453e-01 8.961625931532971601e-01 9.062815223908257112e-01 9.072168867020689031e-01
9.084561322075993539e-01 9.108292150449868174e-01 9.067302760526450012e-01 9.029630802645632892e-01 9.060443282642178797e-01 9.022449659909614894e-01 9.003440374509317223e-01 8.983916727388312484e-01 9.063928628036426183e-01 9.075678637037869478e-01
9.088473728472686863e-01 9.109388671294887940e-01 9.067386105954581277e-01 9.029994104139169586e-01 9.067026619381141073e-01 9.026588983697491075e-01 9.041310782088476383e-01 8.993647369294508476e-01 9.065238328818236990e-01 9.076977145752779252e-01
9.121441786631536708e-01 9.115702105843702663e-01 9.067598688702203091e-01 9.042734278198054643e-01 9.067774890921074249e-01 9.027910595714587760e-01 9.069394684247507055e-01 9.009930690025289568e-01 9.090414421611111573e-01 9.097805133563314772e-01
9.121446020822567835e-01 9.120175800372792851e-01 9.075943052327224425e-01 9.043771554521179423e-01 9.067873659775633755e-01 9.045264558735301996e-01 9.070472848929643783e-01 9.011846840529869063e-01 9.091477805784793365e-01 9.098616720137651104e-01
9.150701035404854577e-01 9.129703241887926479e-01 9.076955496272358648e-01 9.044294263819844248e-01 9.123420038747924732e-01 9.053327760388476531e-01 9.073173630352776575e-01 9.016327110314481530e-01 9.091478118675606623e-01 9.099586632643559270e-01
9.154511781598123621e-01 9.130802283511396666e-01 9.093365837193232437e-01 9.058248735926792694e-01 9.135026085626153369e-01 9.080833859493893101e-01 9.085642866253070826e-01 9.026905334387891333e-01 9.091612798545878338e-01 9.100379154110971314e-01
9.161046142169931850e-01 9.132529941481726254e-01 9.106748819697357833e-01 9.075107180846416766e-01 9.138161342406574406e-01 9.084649087429146341e-01 9.085768433577914305e-01 9.028672165927337234e-01 9.105780724477138266e-01 9.100669007542774303e-01
